MICROSAT-R DEB          
1 44134U 19006V   20357.32388624  .00138605  51457-5  10561-2 0  9990
2 44134  96.0734 116.6387 0328868  41.1324 321.4209 15.25169055 93180
MICROSAT-R DEB          
1 44381U 19006DC  20356.92030688  .00188566  70693-5  15028-2 0  9990
2 44381  94.5821 341.6025 0408416 128.0754 235.8071 15.07775218 84272
MICROSAT-R DEB          
1 44383U 19006DE  20357.17351147  .00041614  16869-5  67703-3 0  9991
2 44383  96.1918  74.0366 0746557 277.9760  73.7419 14.22472206 82074
MICROSAT-R DEB          
1 44463U 19006DM  20358.09492949  .01364005  65937-3  44662-2 0  9997
2 44463  95.7856  49.8051 0176675 271.4520  86.6515 15.70033984 76423
