UNKNOWN                 
1 81037U          20355.57654055  .00001911  00000+0  20636-3 0  9992
2 81037  62.2083  67.8808 0214728 302.0133  56.0241 14.76726305938824
UNKNOWN                 
1 81052U          20356.55108577  .00000728  00000+0  27438-3 0  9993
2 81052  65.7798 190.5233 0638476  98.6762 268.7115 13.60469173351723
UNKNOWN                 
1 81069U          20357.16874817  .00000507  00000+0  90778-3 0  9998
2 81069 100.3129 158.9845 0067717 139.4997 221.1200 13.46498789270480
UNKNOWN                 
1 81073U          20356.10700001 -.00000969  00000+0 -19138-2 0  9993
2 81073  61.5553 245.8201 4684970 183.2793 172.1436  5.83129631493973
UNKNOWN                 
1 81078U          20356.18916885 -.00000079  00000+0 -11680-2 0  9991
2 81078  65.1121 253.2591 0183079  37.7294 117.3453 11.21706436290702
UNKNOWN                 
1 81111U          20356.61020197  .00038531  00000+0  19041-2 0  9990
2 81111  62.7520 103.1030 4650579 287.7384  27.9823  6.29910712145197
UNKNOWN                 
1 81122U          20357.36729703  .00001583  00000+0  69836-3 0  9999
2 81122  97.6377  39.2743 0278114 298.2718  59.0643 14.05936166318407
UNKNOWN                 
1 81123U 70025    20357.09110477  .00000067  00000+0  11699-3 0  9996
2 81123  99.9954 310.1562 0003815  43.7487 316.3964 13.77344952355910
UNKNOWN                 
1 81134U          20356.14944720 -.00000044  00000+0 -19006-3 0  9992
2 81134  90.2908 320.2359 0029357 102.3879 258.0527 12.92308528227805
UNKNOWN                 
1 81161U          20357.29765499  .00000346  00000+0  43616-3 0  9990
2 81161 100.4198  17.8471 0062289 181.1574 178.9435 13.71461617306894
UNKNOWN                 
1 81182U          20356.96336006  .00437961  00000+0  19450-1 0  9998
2 81182  51.3369 246.2218 1198189 111.4837 261.7932 13.05546319246173
UNKNOWN                 
1 81199U          20345.63797562  .00001888  00000+0  59354-3 0  9990
2 81199  96.6797 286.2600 0139242 313.5406  45.4285 14.35848008324267
UNKNOWN                 
1 81219U 81053    20357.10439616  .00000137  00000+0  11810-3 0  9999
2 81219  82.9279 287.2948 0020448 290.3160  69.5801 13.79609961356889
UNKNOWN                 
1 81221U          20356.53014492  .00000434  00000+0  22230-3 0  9990
2 81221  98.8464 286.5652 0114140 177.7075 182.4646 14.17204459266253
UNKNOWN                 
1 81228U          20356.19077934 -.00001384  00000+0 -60998-3 0  9999
2 81228  70.5306 300.0440 0082274 147.7244 212.8951 14.19599004366899
UNKNOWN                 
1 81247U 81053    20357.10974713 -.00000324  00000+0 -93186-4 0  9999
2 81247  83.2438 274.6634 0027457 169.2306 190.9485 14.47480852372603
UNKNOWN                 
1 81254U 70025    20356.90805315  .00002209  00000+0  17358-2 0  9999
2 81254 100.3946 164.3294 0075901 148.1750 212.4024 13.91827753359493
UNKNOWN                 
1 81264U          20357.04801040  .00001847  00000+0  37539-3 0  9994
2 81264  99.4095 281.0760 0106639  85.8816 275.4559 14.59089053343397
UNKNOWN                 
1 81279U          20356.79674490  .00000166  00000+0  86783-4 0  9997
2 81279  98.0661 185.7216 0222934 275.1417  82.4351 14.13681327205475
UNKNOWN                 
1 81301U          20356.16733159  .00000091  00000+0  16678-3 0  9994
2 81301  66.7601 310.9748 0089561   8.7291   3.8242 13.75400297356314
UNKNOWN                 
1 81311U 90105    20357.04636755  .00000084  00000+0  30419-4 0  9994
2 81311  98.7045 299.1537 0137682 249.6347 172.2907 14.53009196375547
UNKNOWN                 
1 81317U 80089    20357.33690421  .00000027  00000+0  15404-3 0  9995
2 81317  67.1366 212.0712 0218140 222.3946 313.0794 13.37081472345735
UNKNOWN                 
1 81323U          20355.82654634  .00000974  00000+0  22742-3 0  9999
2 81323  65.7759 198.9095 0503206 173.6447 187.1352 14.02676186855823
UNKNOWN                 
1 81329U          20357.19478072  .00001008  00000+0  41796-3 0  9996
2 81329  65.8247 283.8185 0867643 126.1633 310.5780 13.12720062377058
UNKNOWN                 
1 81338U          20357.30087079  .00183879  00000+0  59683-2 0  9992
2 81338  74.0298   2.5577 0009472 250.9258 109.0919 15.31074404289607
UNKNOWN                 
1 81341U          20356.90368696  .00008357  00000+0  22352-1 0  9997
2 81341  99.6025 158.7156 0420789 287.6150  67.9421 12.88095624288936
UNKNOWN                 
1 81342U          20355.21186403  .00001010  00000+0  61259-3 0  9995
2 81342  70.8995 157.4355 0162932 196.3777 163.2040 14.02367187361691
UNKNOWN                 
1 81343U          20357.48712344  .00000505  00000+0  55815-4 0  9996
2 81343  85.8795  69.9723 0009625 219.4338 140.6185 14.85094595183716
UNKNOWN                 
1 81357U          20357.18543699  .00003688  00000+0  35992-3 0  9991
2 81357  97.5314 261.7484 0201399 324.1761  34.6079 14.79013135265528
UNKNOWN                 
1 81358U          20355.42797569 -.00000031  00000+0  00000+0 0  9992
2 81358  62.6660 357.4574 0687680 168.1431 193.6542  9.83487228196879
UNKNOWN                 
1 81359U          20357.16534961  .00000274  00000+0  34447-3 0  9995
2 81359  66.8009  62.5214 0119110 123.5161 237.7357 13.75095877355468
UNKNOWN                 
1 81366U          20357.48012642  .00000085  00000+0  61882-4 0  9999
2 81366  65.8854  22.8867 0752542 231.4364 121.6930 13.38888478822656
UNKNOWN                 
1 81371U          20357.05849154  .00000280  00000+0  70226-4 0  9993
2 81371  98.8270 296.2284 0087947 179.7522 180.3734 14.57539023376435
UNKNOWN                 
1 81374U          20357.12107827  .00002052  00000+0  73902-3 0  9990
2 81374  65.7317 263.6898 0042099  18.2422 342.0169 14.35379181322306
UNKNOWN                 
1 81380U          20356.25905904  .00001766  00000+0  59281-3 0  9997
2 81380  99.8658 182.4988 0005059 281.8668  78.1947 14.38779803356173
UNKNOWN                 
1 81386U          20356.97724253  .00001167  00000+0  56918-3 0  9997
2 81386  71.0563 251.8040 0119798  20.1393 340.4398 14.16402012365829
UNKNOWN                 
1 81390U          20356.57612939  .00000190  00000+0  18410-2 0  9994
2 81390 103.0938  98.2606 0170775  80.7501 281.2825 12.33955228275761
UNKNOWN                 
1 81391U          20355.61929668  .00000944  00000+0  42647-3 0  9996
2 81391  81.2070 329.7282 0013266 331.6682  28.3772 14.21361777322018
UNKNOWN                 
1 81392U          20357.23614086  .00000937  00000+0  11536-2 0  9996
2 81392 100.4077 161.9878 0053918 280.5640 254.0536 13.67892726352933
UNKNOWN                 
1 81402U          20357.31745667  .00002558  00000+0  10760-2 0  9996
2 81402  98.7408  14.6213 0005334  26.2021 333.9428 14.26679574186084
UNKNOWN                 
1 81405U          20356.77706944  .00000474  00000+0  42854-3 0  9998
2 81405  99.5484 349.0709 0170043   0.2663 359.8552 13.82680126310281
UNKNOWN                 
1 81406U          20356.99534712  .00000257  00000+0  14639-3 0  9994
2 81406  65.8142 249.9702 0886417  39.7035 326.5563 13.04651943296206
UNKNOWN                 
1 81409U 87068    20357.24464954  .00001616  00000+0  60400-3 0  9992
2 81409  82.6656 293.9797 0058761 205.2006 154.6311 14.30415124368569
UNKNOWN                 
1 81418U          20357.32461360  .00000629  00000+0  13315-2 0  9995
2 81418 100.3141 124.1602 0059810 291.3182  68.1564 13.34737094156518
UNKNOWN                 
1 81425U          20356.71992245  .00000914  00000+0  11564-2 0  9997
2 81425  99.4241  87.7340 0084042 112.9796 248.0241 13.64861749193387
UNKNOWN                 
1 81427U          20357.01800523  .00000440  00000+0  29890-3 0  9996
2 81427  98.8874 261.6495 0088944  82.3865 278.7393 14.03245509296735
UNKNOWN                 
1 81438U          20356.34999036  .00000503  00000+0  92174-3 0  9996
2 81438 100.2572 145.5382 0066573 168.4919 191.7751 13.45028831346937
UNKNOWN                 
1 81439U          20357.42535267  .00000283  00000+0  93334-3 0  9993
2 81439  67.1646  48.7412 0608876 242.1176 111.6904 12.61257460 32743
UNKNOWN                 
1 81449U 85042    20356.98390912  .00001503  00000+0  54894-3 0  9993
2 81449  66.8049 203.0061 0052147  87.0376 273.6691 14.34931164370115
UNKNOWN                 
1 81478U          20356.87650598  .00000735  00000+0  35584-3 0  9994
2 81478  99.1014 210.1575 0171246 138.9315 234.5618 14.14133667365285
UNKNOWN                 
1 81488U 75052    20357.28612448 -.00000039  00000+0  11195-4 0  9993
2 81488 100.1022 161.5485 0044933 171.6775 311.0605 13.55420760350472
UNKNOWN                 
1 81497U          20357.51950706  .00001061  00000+0  13269-2 0  9999
2 81497 100.2997  85.7201 0029597 284.1837  85.7573 13.66892771967037
UNKNOWN                 
1 81499U          20356.36093038  .00000386  00000+0  14169-3 0  9999
2 81499  74.0545 334.7550 0001710 197.9683 162.1409 14.36114371220858
UNKNOWN                 
1 81509U          20356.91029570  .00008213  00000+0  19363-2 0  9999
2 81509  98.7959 142.4234 0018012  40.4734 319.7797 14.54428239200171
UNKNOWN                 
1 81521U          20357.50817782  .00004033  00000+0  83003-3 0  9998
2 81521  99.7068  87.5513 0016526 175.4618 196.0801 14.61166072375430
UNKNOWN                 
1 81535U          20357.07050839  .00000228  00000+0  11949-3 0  9999
2 81535  98.1473 220.5070 0252222 339.4659  19.6513 14.07378789131482
UNKNOWN                 
1 81536U 73086    20357.23829605  .00000220  00000+0  16643-2 0  9994
2 81536 102.0226 164.7671 0031810 164.6325   9.9745 12.53811011324006
UNKNOWN                 
1 81537U 93016    20357.45422587 -.00000123  00000+0 -45569-4 0  9997
2 81537  71.0402 260.8242 0078522   3.8634 356.3073 14.05586594365145
UNKNOWN                 
1 81545U          20357.17285189  .00187419  00000+0  20033-1 0  9999
2 81545  99.6873 256.6397 0060240  13.5403 346.7405 14.86417398162002
UNKNOWN                 
1 81546U          20354.23090082  .00002039  00000+0  24197-3 0  9991
2 81546  66.8084 339.4660 0013639  24.9428 335.2356 14.86725898858837
UNKNOWN                 
1 81552U          20357.22252076  .00001278  00000+0  29109-2 0  9994
2 81552  99.0412 153.9051 0265537  44.6538 317.5636 13.15528795340228
UNKNOWN                 
1 81564U          20357.37340263  .00002303  00000+0  10232-2 0  9996
2 81564  81.1881  16.1825 0033629 223.0360 136.8187 14.22410221306951
UNKNOWN                 
1 81569U 95015    20357.27972824  .00000150  00000+0  49850-3 0  9991
2 81569  28.0747 343.3001 0317461  33.4100 328.6029 12.46212990326070
UNKNOWN                 
1 81579U          20357.36920862  .00005366  00000+0  34118-2 0  9991
2 81579 100.1247 296.1621 0243144 359.2193   0.8552 13.90747204357321
UNKNOWN                 
1 81599U          20357.40931418  .00000190  00000+0  45439-3 0  9996
2 81599  67.2955 239.6086 0262003 305.6191 231.1794 13.28918563343553
UNKNOWN                 
1 81605U          20357.22152316  .00001910  00000+0  89011-2 0  9990
2 81605  56.4382 296.0853 0113258 213.8895 145.4755 12.77489056285880
UNKNOWN                 
1 81614U 76077    20357.37417291 -.00000475  00000+0 -27270-2 0  9995
2 81614 101.3786  63.5730 0521946 227.0908 128.5208 12.19962991315337
UNKNOWN                 
1 81615U 92021    20356.54841933 -.00000071  00000+0  88635-5 0  9991
2 81615  65.8314 288.5541 0833143 248.1933 102.8512 13.22976325341776
UNKNOWN                 
1 81617U 73086    20357.07381396 -.00000024  00000+0  11395-3 0  9999
2 81617 101.3536 222.2609 0039005 231.6495 128.1072 12.56153098324914
UNKNOWN                 
1 81624U          20344.60384846  .00000843  00000+0  22297-3 0  9992
2 81624  66.9909  70.1286 0097382 293.1705  65.9170 14.51166500373181
UNKNOWN                 
1 81626U          20357.39283802  .00006601  00000+0  15754-2 0  9991
2 81626  71.0113 353.7399 0028636 294.7881  65.0283 14.53776208362717
UNKNOWN                 
1 81634U          20357.11556581  .00229766  00000+0  85661-2 0  9990
2 81634  51.7471 144.6911 1130966 215.9563 135.9876 13.23492082263501
UNKNOWN                 
1 81640U          20357.12355966  .00000189  00000+0  23127-3 0  9998
2 81640  65.8263 239.0943 0983344  93.0068 278.3728 12.55412826281923
UNKNOWN                 
1 81652U 76077    20353.81277844  .00000151  00000+0  24655-3 0  9994
2 81652 102.1703 202.5318 0380621  93.9826 332.5271 13.41248262334451
UNKNOWN                 
1 81661U          20357.04052250  .00001953  00000+0  56307-3 0  9998
2 81661  98.4305 267.9399 0071737 339.2326  20.5954 14.44340150271529
UNKNOWN                 
1 81667U          20357.18178083  .00000500  00000+0  17633-3 0  9998
2 81667  74.0432 156.1990 0018139 186.0136 174.0803 14.37241997195014
UNKNOWN                 
1 81674U          20356.10511813  .00000281  00000+0  22310-3 0  9993
2 81674  66.8245 237.0637 0024436  98.5451  53.8811 14.04967078358051
UNKNOWN                 
1 81678U          20356.37977163  .00002304  00000+0  34994-3 0  9999
2 81678  65.8344  32.7624 0060848 321.9755  49.7322 14.75016705378634
UNKNOWN                 
1 81683U          20357.05508913  .00000391  00000+0  11058-3 0  9994
2 81683  81.2233  21.9719 0030623  13.7482 346.4534 14.43667769372931
UNKNOWN                 
1 81693U 73086    20356.36834968 -.00001067  00000+0 -75956-2 0  9993
2 81693 101.0895 236.2629 0377987 262.9213  92.8727 12.23011949745394
UNKNOWN                 
1 81696U          20357.12743615  .00001412  00000+0  14490-3 0  9994
2 81696  97.4283 302.4358 0222431 145.5289 216.0581 14.75261969243336
UNKNOWN                 
1 81721U          20356.17106476  .00006216  00000+0  16694-2 0  9999
2 81721  98.1438  78.1941 0350291 317.2677  40.1740 14.17799438273008
UNKNOWN                 
1 81732U          20357.30140627  .00002256  00000+0  28537-3 0  9993
2 81732  65.7366 312.0150 0265063 112.2389 250.7060 14.62460285376101
UNKNOWN                 
1 81745U          20357.30344615  .00000487  00000+0  20780-3 0  9996
2 81745  71.0041 359.1043 0007161 206.4411 165.6622 14.30045673369434
UNKNOWN                 
1 81766U          20355.69931426  .00001021  00000+0  50220-3 0  9998
2 81766  81.2051 351.6948 0013034  70.9227 289.3357 14.16961957301630
UNKNOWN                 
1 81775U          20357.40823356  .00001038  00000+0  48314-3 0  9990
2 81775  82.9291 253.3494 0026820 354.5817   5.5069 14.19528781366356
UNKNOWN                 
1 81779U          20343.50016750  .00010340  00000-0  22306+0 0  9998
2 81779  54.0519  47.4024 2039290 225.9923 115.3870  9.23781760310727
UNKNOWN                 
1 81792U          20357.18554333 -.00000011  00000+0  28798-4 0  9996
2 81792  65.8227 186.7462 0918310   5.3154 355.6846 13.04008716337845
UNKNOWN                 
1 81794U          20354.39563651  .00003511  00000+0  50096-3 0  9993
2 81794  81.1871 239.2729 0003728   1.3050 358.8166 14.76568620379269
UNKNOWN                 
1 81795U          20356.33488659  .00089936  00000+0  47312-2 0  9995
2 81795   6.3463  93.9470 1575636 165.3083 199.8698 12.22755489225986
UNKNOWN                 
1 81798U          20357.33154172  .00003505  00000+0  87434-3 0  9997
2 81798  74.0172 316.2301 0041053 128.7347 231.7495 14.51479881322687
UNKNOWN                 
1 81812U          20357.42953160 -.00002202  00000+0 -16637-1 0  9998
2 81812 103.6531  51.1864 0266745  67.8762 295.0376 12.28327489316943
UNKNOWN                 
1 81813U          20354.71151881  .00000689  00000+0  21672-3 0  9990
2 81813  99.0785 155.0488 0018939 128.6917 231.5969 14.43729951372312
UNKNOWN                 
1 81816U 77121    20356.79272248  .00000342  00000+0  33111-3 0  9999
2 81816  66.2389 118.1238 0190451 224.2352 134.3361 13.83689802357581
UNKNOWN                 
1 81817U          20357.16703618  .00001767  00000+0  19954-3 0  9995
2 81817  65.7281 259.4328 0329328 251.6028 104.9011 14.57501277378935
UNKNOWN                 
1 81818U          20356.30734042  .00000857  00000+0  21760-3 0  9993
2 81818  65.7554 322.6018 0668981  42.7728 322.3435 13.69549185398115
UNKNOWN                 
1 81819U          20356.33671346  .00000702  00000+0  52575-2 0  9990
2 81819 102.2693  41.9898 0036862 257.5315 102.1625 12.44795580321642
UNKNOWN                 
1 81821U          20356.52872493  .00032598  19963-6  46282-3 0  9992
2 81821  34.0710  91.4688 2251063 168.9276 197.0785 11.00911398360763
UNKNOWN                 
1 81824U          20357.17329875  .00000489  00000+0  28182-3 0  9996
2 81824  65.8498 159.1309 0055588 239.5447 120.0140 14.17294260366063
UNKNOWN                 
1 81833U          20357.14736124  .00000067  00000+0  21848-3 0  9996
2 81833  90.2873 320.2700 0028851  92.1014 268.3409 12.92976184217718
UNKNOWN                 
1 81838U          20356.40489476  .00000501  00000+0  19367-3 0  9990
2 81838  67.7678 233.2037 0035809 301.6780 230.3924 14.37037497371077
UNKNOWN                 
1 81844U          20357.13197154  .00000640  00000+0  31764-3 0  9996
2 81844  82.9247 299.0674 0079641 214.9534 144.6402 14.14197893364990
UNKNOWN                 
1 81845U          20357.41748951  .00000273  00000+0  44401-4 0  9990
2 81845  97.8538 225.6914 0106334  87.7472  84.5969 14.75018255381178
UNKNOWN                 
1 81864U          20356.32223840  .00000247  00000+0  13760-3 0  9999
2 81864  65.6764 324.5831 0783164  74.6544 293.9597 13.25751490309494
UNKNOWN                 
1 81865U 87062    20357.22781258  .00000454  00000+0  39867-3 0  9991
2 81865  82.8075 342.0568 0072179  94.6811 277.8745 13.82233143357222
UNKNOWN                 
1 81872U          20357.34013614  .00030291  00000+0  23021-2 0  9999
2 81872  62.0308 348.8181 2011933 213.9300 131.5342 11.26439615133898
UNKNOWN                 
1 81873U          20355.85687151  .00000997  00000+0  59271-3 0  9994
2 81873  99.1221  22.7270 0074576 160.4093 199.9968 14.08452732312761
UNKNOWN                 
1 81893U 70025    20356.62101992  .00000021  00000+0  76477-4 0  9996
2 81893 100.0007 233.8708 0017748 261.5165  98.3969 13.72245587354564
UNKNOWN                 
1 81899U          20356.77577886  .00000700  00000+0  18626-2 0  9997
2 81899 102.4367 111.9118 0173811  73.9538 288.0631 13.15518064339702
UNKNOWN                 
1 81902U          20355.00947815  .00002271  00000+0  32468-3 0  9996
2 81902  81.6336 262.8247 0300535 104.5871 258.8851 14.49744598373085
UNKNOWN                 
1 81905U          20357.08943082  .00104425  00000+0  51569-2 0  9997
2 81905  61.7627 338.4927 1707041 349.1637   7.6473 11.96981240447859
UNKNOWN                 
1 81921U          20357.23379307 -.00000325  00000+0 -96861-4 0  9997
2 81921  65.7063 182.5626 0885092 164.3195 198.7257 13.07066080790625
UNKNOWN                 
1 81946U 87079    20356.92508413 -.00000060  00000+0 -25349-4 0  9991
2 81946  66.4242  44.0187 0669120 149.7547  21.8967 12.41895644322227
UNKNOWN                 
1 81947U          20356.97462974  .00000945  00000+0  12623-3 0  9997
2 81947  66.0834  86.6787 0460868 158.0546 204.1016 14.31030472369693
UNKNOWN                 
1 81964U          20357.26729987  .00000043  00000+0  90680-4 0  9998
2 81964  66.5862  83.2845 0040510 215.0408 144.8005 13.94394731360693
UNKNOWN                 
1 81969U          20357.31841274  .00000592  00000+0  65578-4 0  9990
2 81969  86.6713 203.9847 0011102 175.3660 184.7669 14.85370540169185
UNKNOWN                 
1 81995U          20356.97924521  .00000339  00000+0  10925-3 0  9991
2 81995  65.7573  86.0195 0589258 109.4833 257.0844 13.81705119351860
UNKNOWN                 
1 82003U          20336.26479147 -.00000025  00000-0  00000-0 0  9995
2 82003  46.7185 171.7694 3121881 175.9603 187.4195  7.87101133427061
UNKNOWN                 
1 82025U          20357.27622309  .00017757  00000+0  20713-2 0  9996
2 82025  74.0269  98.7762 0012325 300.8877  59.1090 14.85121417325718
UNKNOWN                 
1 82039U          20355.91473891  .00001903  00000+0  46503-3 0  9992
2 82039  99.0765 334.2253 0042950 181.6331 178.4729 14.53360299292244
UNKNOWN                 
1 82043U          20357.28388151  .00000531  00000+0  18116-3 0  9998
2 82043  97.9845 287.6132 0263194  85.3684 277.7503 14.22160308315040
UNKNOWN                 
1 82044U          20356.05459216  .00000341  00000+0  40984-3 0  9991
2 82044  99.9689  30.3369 0066264 276.8117  82.5494 13.73873637312051
UNKNOWN                 
1 82051U          20355.89025810  .00000709  00000+0  34493-3 0  9995
2 82051  98.8641  53.4665 0119226 116.2144 245.1345 14.17653195313769
UNKNOWN                 
1 82073U          20357.45515595  .00000571  00000+0  18720-3 0  9999
2 82073  97.7483 246.5599 0243747   1.8507 358.3521 14.26250319315456
UNKNOWN                 
1 82112U          20355.69412229  .00001211  00000+0  35027-3 0  9998
2 82112  98.6546  80.0456 0100405  54.7710 306.2828 14.43489537318572
UNKNOWN                 
1 82139U          20357.03403997  .00000462  00000+0  29823-3 0  9993
2 82139  99.1612  21.1709 0093252  87.2149 273.9687 14.05820142224248
UNKNOWN                 
1 82162U          20357.27358358  .00001205  00000+0  22007-2 0  9997
2 82162 100.4048 184.9350 0067638 273.9488  85.3909 13.42026258259912
UNKNOWN                 
1 82168U          20356.08611141  .00004161  00000+0  66653-3 0  9993
2 82168  74.0114 120.6993 0011048 285.9598  74.0356 14.72035613221039
UNKNOWN                 
1 82180U          20356.81445023  .00000615  00000+0  16375-3 0  9998
2 82180  65.6603 137.5014 0475980  34.8596 328.2695 14.04796699343804
UNKNOWN                 
1 82187U          20355.62844845  .00002957  00000+0  58936-3 0  9998
2 82187  70.9420 314.0469 0065838 134.0554 226.6042 14.61517682376479
UNKNOWN                 
1 82189U          20357.10750251  .00000063  00000+0  31965-4 0  9992
2 82189  74.0342 133.6121 0016080  42.7767 317.4632 14.33615360371981
UNKNOWN                 
1 82199U          20356.68563399  .00000220  00000+0  18441-3 0  9998
2 82199  82.9668 156.6110 0038201 149.4603 224.8530 13.83486212358290
UNKNOWN                 
1 82205U          20357.22303354  .00000841  00000+0  16930-3 0  9990
2 82205  62.9916 300.1683 0669815 120.8887 245.9786 13.79060202356412
UNKNOWN                 
1 82223U          20357.37379996  .00000895  00000+0  59489-3 0  9996
2 82223  99.3632 153.8000 0076954 314.8084  44.6841 14.02690058193541
UNKNOWN                 
1 82250U          20356.73069715  .00000671  00000+0  46899-3 0  9993
2 82250  98.9706 261.8070 0084257 225.9225 160.0637 14.00271078361480
UNKNOWN                 
1 82272U          20357.09898687 -.00000084  00000+0 -11644-3 0  9995
2 82272  67.5218 245.2356 0759250 187.2896 171.6541 12.31907338 48057
UNKNOWN                 
1 82284U          20357.27810591  .00001684  00000+0  68747-3 0  9997
2 82284  99.5581 108.5578 0109261 245.3696 113.6069 14.25688191411626
UNKNOWN                 
1 82285U          20357.01886836  .00001472  00000+0  15533-2 0  9994
2 82285 101.9963  24.9630 0347732  28.7776 333.2058 13.53490051348788
UNKNOWN                 
1 82295U          20357.25300422  .00000116  00000+0  78336-4 0  9999
2 82295  66.6217 217.5085 0126805  59.9151 301.4446 14.25605848320433
UNKNOWN                 
1 82298U          20357.44940253  .00001462  00000+0  78998-3 0  9993
2 82298  99.0699  72.2666 0063170  81.3598 279.4723 14.13219489308291
UNKNOWN                 
1 82303U          20357.03731324  .00002605  00000+0  59970-2 0  9990
2 82303  81.9954  18.2557 0055232 208.2362 179.9441 13.24349635270365
UNKNOWN                 
1 82311U          20357.06963885  .00000304  00000+0  50872-3 0  9998
2 82311  99.5055 101.4669 0114096 191.6152 168.2347 13.51735497304679
UNKNOWN                 
1 82314U          20357.34677247  .00006376  00000+0  29573-3 0  9995
2 82314  99.2416  26.4270 0212012  32.3701 329.0324 15.02756298268044
UNKNOWN                 
1 82320U          20357.15635030  .00000968  00000+0  36350-3 0  9997
2 82320  99.8469 333.6070 0162161   9.8177 350.6105 14.27413863368582
UNKNOWN                 
1 82322U          20355.88859236  .00001321  00000+0  33579-3 0  9997
2 82322  98.6028  49.1102 0079839 242.1524 117.1564 14.50599814300447
UNKNOWN                 
1 82348U          20345.32074166  .00001109  00000-0  11363-2 0  9995
2 82348  63.7547 102.7710 3242606 304.4370  29.0542  8.38527895476869
UNKNOWN                 
1 82363U          20357.06250707 -.00000215  00000+0 -23989-3 0  9999
2 82363  66.9388 116.2397 0465967 243.5622 111.6903 13.13697791 51503
UNKNOWN                 
1 82369U 99025    20357.04820535 -.00000160  00000+0 -80425-4 0  9998
2 82369  99.0720  26.6614 0083694 301.0312  58.2652 13.96975774303442
UNKNOWN                 
1 82381U          20356.97464722  .00001163  00000+0  39640-3 0  9994
2 82381  98.4974 187.6675 0018046 280.2178  79.6974 14.38231956247515
UNKNOWN                 
1 82383U          20357.31979577  .00003549  00000+0  52808-3 0  9995
2 82383  98.3028  29.1923 0004985 348.3270  11.7822 14.75593307277938
UNKNOWN                 
1 82402U          20356.34485207  .00000418  00000+0  45513-4 0  9999
2 82402  86.6713 204.4995 0011028 179.3951 180.7289 14.85165782183700
UNKNOWN                 
1 82410U          20357.41666513 -.00000143  00000+0 -69446-4 0  9996
2 82410  66.6565  13.0009 0059474 154.4926 205.9100 13.76020553336757
UNKNOWN                 
1 82428U          20357.47245586  .00008096  00000+0  82453-2 0  9998
2 82428  63.1794 159.4006 0086772  51.9535 308.9294 13.75624255168593
UNKNOWN                 
1 82432U 93036    20357.17517725  .00000300  00000+0  82254-4 0  9999
2 82432  74.0077 174.8755 0063199  60.1190 300.6229 14.50360137219046
UNKNOWN                 
1 82448U          20357.46360145  .00000490  00000+0  53953-4 0  9993
2 82448  85.8797  69.9531 0009634 219.5143 140.5378 14.85121088166438
UNKNOWN                 
1 82451U          20356.78191138  .00003812  00000+0  44957-3 0  9999
2 82451  66.5368  55.9833 0292084  24.5738 336.8973 14.59938692865726
UNKNOWN                 
1 82453U          20357.16073325 -.00000010  00000+0  25385-3 0  9993
2 82453 101.9204 307.2502 0094597 336.0354  23.6323 12.39505514320973
UNKNOWN                 
1 82458U          20357.20221189  .00000616  00000+0  39498-3 0  9997
2 82458  66.5106 165.3940 0064379 145.6650 214.8623 14.09022467353256
UNKNOWN                 
1 82464U          20356.62739194  .00001964  00000+0  60149-3 0  9993
2 82464  71.0002 123.9039 0080981  83.4337 289.0154 14.41105983371328
UNKNOWN                 
1 82475U          20356.90198275  .00000278  00000+0  19218-3 0  9993
2 82475  99.1630  23.7846 0107966 118.1865 243.0257 14.04503997290630
UNKNOWN                 
1 82481U          20352.43232312  .00009558  00000-0  64118-3 0  9995
2 82481  99.0258 210.6501 0035316 155.0243 205.2698 15.06607140183072
UNKNOWN                 
1 82484U          20357.45932087 -.00000103  00000+0 -87549-4 0  9993
2 82484  99.5751  66.8996 0045068 101.0258 259.5953 13.55063354344596
UNKNOWN                 
1 82494U 93036    20356.99566109  .00000846  00000+0  22988-3 0  9998
2 82494  74.0214 248.4782 0011378 110.9236 249.3142 14.49045179218666
UNKNOWN                 
1 82500U          20356.78983896  .00000734  00000+0  45156-3 0  9996
2 82500  70.9715 187.7274 0145336 319.2134  39.8173 14.03809910363050
UNKNOWN                 
1 82517U          20357.40011863  .00002008  00000+0  60605-3 0  9992
2 82517  86.3907 136.7346 0022061 127.6916 232.6289 14.41895957160867
UNKNOWN                 
1 82524U          20357.34702841  .00000213  00000+0  10937-3 0  9995
2 82524  73.2922 345.7964 0177390 189.7095 236.3822 14.14379560319023
UNKNOWN                 
1 82526U          20357.29988557  .00000932  00000+0  62819-3 0  9995
2 82526  99.2359  27.3956 0107649 295.2170  63.7865 14.00416021266959
UNKNOWN                 
1 82529U          20356.56734091 -.00000136  00000+0 -14657-3 0  9994
2 82529  99.7598 115.0631 0244121 340.4926  74.2989 13.38372674346460
UNKNOWN                 
1 82545U          20357.38915257 -.00000059  00000+0 -44369-3 0  9995
2 82545  64.8827 238.2480 0185638 279.5085  78.4905 11.30776232233536
UNKNOWN                 
1 82560U          20357.17046726  .00000290  00000+0  29955-3 0  9994
2 82560 100.0138 145.7826 0009235  25.5223 150.3444 13.85247227360008
UNKNOWN                 
1 82561U          20356.59009352  .00000964  00000+0  39278-3 0  9991
2 82561  63.1253 343.4210 0456352 328.1377 136.3620 13.88251032358490
UNKNOWN                 
1 82597U          20357.22595505  .00000183  00000+0  10107-3 0  9994
2 82597  66.7720 212.0849 0107311 216.2581 143.1212 14.28197169369117
UNKNOWN                 
1 82616U          20357.09386125  .00003997  00000+0  53252-3 0  9991
2 82616  97.3018 107.3157 0102928 173.5555 186.7008 14.76476605296755
UNKNOWN                 
1 82617U          20356.53512462  .00000086  00000+0  31312-4 0  9995
2 82617  74.0297  42.9920 0039402  73.7141 286.8345 14.46214704373925
UNKNOWN                 
1 82627U          20356.26534251 -.00000053  00000+0 -17799-3 0  9994
2 82627  82.4774 100.8725 0011660 274.7620 113.8747 13.13549565340026
UNKNOWN                 
1 82629U          20355.91443815  .00001685  00000+0  60620-3 0  9993
2 82629  81.1751 211.2229 0020079 104.7105 255.6305 14.33315818320960
UNKNOWN                 
1 82637U          20351.69272391  .00003099  00000-0  85542-3 0  9994
2 82637  99.5277 155.9125 0033069 180.7631 179.3512 14.47320102462208
UNKNOWN                 
1 82642U          20357.01163488  .00000037  00000+0  51993-4 0  9990
2 82642  99.0200 264.4247 0140117 235.8435 122.9377 13.99020316361585
UNKNOWN                 
1 82683U 99057    20357.32018333  .00000185  00000+0  94563-4 0  9991
2 82683  98.0936 190.7554 0227428 280.4506  77.1114 14.13499306205238
UNKNOWN                 
1 82693U          20357.36539592  .00000498  00000+0  73373-3 0  9993
2 82693 100.5260 146.8443 0047528 184.9304 175.1370 13.59706758306250
UNKNOWN                 
1 82698U          20356.84842888  .00000601  00000+0  41130-3 0  9997
2 82698  61.6105 295.5983 0728987 352.3238   6.7066 13.21307501297772
UNKNOWN                 
1 82708U          20354.76290929  .00000384  00000+0  17255-2 0  9999
2 82708 102.1612   5.2458 0062425 345.4604  14.4689 12.86963145289274
UNKNOWN                 
1 82728U          20355.10139277  .00015739  00000+0  48928-2 0  9999
2 82728 100.2274 123.3751 0202216 239.3420 118.7686 14.30016743836488
UNKNOWN                 
1 82729U          20356.83989695  .00000047  00000+0  30064-3 0  9997
2 82729  67.9556  41.5387 0836169 171.3139 190.3423 12.15850547314181
UNKNOWN                 
1 82737U          20356.43538182  .00004516  00000+0  66086-2 0  9990
2 82737 102.8087 348.7527 0307133 151.9597 209.8448 13.37946790300585
UNKNOWN                 
1 82739U          20356.85998464  .00000525  00000+0  51274-3 0  9991
2 82739  99.0736 208.7977 0184645  91.2273 282.5444 13.76148349355780
UNKNOWN                 
1 82741U          20356.23091278  .00001263  00000+0  16457-2 0  9996
2 82741 102.8753 162.1898 0211386 331.6662  27.3097 13.56129995350043
UNKNOWN                 
1 82742U          20351.30012127  .00001731  00000+0  78465-3 0  9994
2 82742  99.5791  24.6701 0058647 184.5341 175.5310 14.22517483283418
UNKNOWN                 
1 82748U          20356.65716981  .00023483  00000+0  58177-2 0  9997
2 82748 102.8240 138.1033 0017607 194.7196 165.3471 14.51842770289853
UNKNOWN                 
1 82755U          20357.32242373  .00004160  00000+0  75036-3 0  9994
2 82755  99.8114  26.1024 0000541 183.5104 176.6091 14.67196125377298
UNKNOWN                 
1 82778U          20351.19919926 -.00005040  00000-0  00000+0 0  9998
2 82778  41.3356  34.1809 9605584  25.0266 344.4203  0.10787753    07
UNKNOWN                 
1 82783U          20357.23818502 -.00000553  00000+0 -16958-2 0  9999
2 82783  90.3205 344.1553 0021876 309.2588  50.6596 13.06463995266969
UNKNOWN                 
1 82785U          20356.63880877  .00002485  00000+0  50742-3 0  9992
2 82785  63.1336 314.6008 0356088  16.5080 155.9951 14.30178054369271
UNKNOWN                 
1 82820U          20357.07091888  .00000849  00000+0  40909-3 0  9993
2 82820  99.7732 282.0795 0060643  79.1311 281.6679 14.20890206366818
UNKNOWN                 
1 82829U          20356.75988250  .00000025  00000+0  18490-2 0  9999
2 82829  65.0990  94.9522 0166856  10.4710 148.1992 11.28875570280958
UNKNOWN                 
1 82854U          20355.40006998  .00000844  00000-0  73680-3 0  9991
2 82854  82.6924  39.9325 0133551   0.0269   0.0873 13.80821901828746
UNKNOWN                 
1 82873U          20357.30734808  .00000703  00000+0  41907-3 0  9991
2 82873 100.0247   3.8772 0047318 223.4735 136.2697 14.10718518364249
UNKNOWN                 
1 82875U          20357.31865076  .00000043  00000+0  24990-4 0  9997
2 82875  98.6315  16.4268 0394980  78.4216 286.1011 14.10753012288081
UNKNOWN                 
1 82893U          20356.98028045  .00000718  00000+0  45300-3 0  9992
2 82893  98.9853  76.5126 0037912 158.2000 202.0791 14.07048439167071
UNKNOWN                 
1 82912U          20357.24385137  .00000694  00000+0  35024-3 0  9997
2 82912  65.8400 341.4388 0823223  11.2887 350.5420 13.14709550339712
UNKNOWN                 
1 82915U          20356.78587809  .00003868  00000+0  66928-3 0  9991
2 82915  74.0209 181.8305 0024175 306.7244  53.1705 14.68513729215184
UNKNOWN                 
1 82939U          20344.00743024  .00000144  00000-0  84074-2 0  9998
2 82939  86.2638 358.4771 1959078 300.0273  42.0392  8.76444791294369
UNKNOWN                 
1 82959U          20356.74651378  .00000202  00000+0  14467-3 0  9998
2 82959 100.0674 275.6782 0051124 152.3510 208.0392 14.09489005287528
UNKNOWN                 
1 82961U          20356.61952103 -.00001571  00000+0 -36867-2 0  9996
2 82961  99.6242 289.0157 0472308 187.8993 171.4475 12.88255333319351
UNKNOWN                 
1 82965U 70025    20356.75474419  .00000428  00000+0  68526-3 0  9994
2 82965 100.2145 347.8301 0001053   9.4146 350.7009 13.55525703277954
UNKNOWN                 
1 82991U          20354.10477749  .00003764  00000+0  69398-3 0  9999
2 82991  86.3189  43.1966 0030452 202.9936 156.9916 14.64984849218050
UNKNOWN                 
1 83903U          20356.78646991 -.00000339  00000+0  00000+0 0  9993
2 83903  10.4920 309.4946 0130674 197.9841 344.1203  0.99113368 25651
UNKNOWN                 
1 83934U          20357.35773785 -.00000285  00000+0  00000+0 0  9993
2 83934   9.7386 314.4620 0226154 219.1655 308.9208  1.02662940 26638
UNKNOWN                 
1 83952U          20357.17043733 -.00000119  00000+0  18914-4 0  9990
2 83952  21.0610 331.4902 7155565 158.8353 260.4602  2.31920808 41859
UNKNOWN                 
1 83970U          20356.53498693  .00001727  00000+0  69635-3 0  9998
2 83970  18.3320  81.2428 5268452  12.3214 356.7350  5.11410932101418
UNKNOWN                 
1 84006U          20357.35664513  .00000010  00000+0  00000+0 0  9997
2 84006  22.7964 167.1151 6093481 169.7850 212.9275  2.16232733 44936
UNKNOWN                 
1 84026U          20356.86715018  .00003560  00000+0  22271-2 0  9991
2 84026  21.8870  40.2403 6197343 133.4521 298.4094  3.69231625 58302
UNKNOWN                 
1 84071U          20357.11067517  .00018158  00000+0  54678-2 0  9999
2 84071  20.3937 153.4137 7032590 122.3502 324.5312  2.59261670 55762
UNKNOWN                 
1 84079U          20356.16639994  .00001544  00000+0  13342-2 0  9999
2 84079  62.7604 205.0461 4025840 154.6491 232.3724  7.05774380175812
UNKNOWN                 
1 84136U          20357.05302489  .00063611  00000+0  47348-2 0  9994
2 84136  51.4071 241.7685 2160424 123.7282 258.8481 10.96518586305080
UNKNOWN                 
1 84170U          20356.96169375  .00004072  00000+0  19887-2 0  9999
2 84170  20.9208  99.7415 7004893 123.1140 323.3162  2.61411552 45287
UNKNOWN                 
1 84188U          20356.83150581  .00003117  00000+0  67148-2 0  9995
2 84188  64.4444 269.6400 4953553 152.4310 246.2759  5.41306088132842
UNKNOWN                 
1 84232U 79104    20357.21943570  .00012819  00000+0  10984-1 0  9991
2 84232  20.3699 120.6995 6928207 190.8230 138.1579  2.68835555 52221
UNKNOWN                 
1 84249U          20351.36275754  .00007957  00000-0  24454-2 0  9996
2 84249  64.3671 117.2526 5739810   9.6781 357.7712  4.40739187 68148
UNKNOWN                 
1 84292U          20357.51437834  .00021482  00000+0  21044-2 0  9996
2 84292  23.9144  58.5477 4943671 356.3426   1.1177  5.75292036118915
UNKNOWN                 
1 84346U          20357.11856983  .00016379  00000+0  19529-2 0  9996
2 84346  21.1046  42.8811 6953653 230.2562  44.5290  2.72159687 34886
UNKNOWN                 
1 84353U          20357.48579282 -.00000590  00000+0  00000+0 0  9998
2 84353  19.6837  35.4691 6705559  59.2899 349.9189  2.03728211 31098
UNKNOWN                 
1 84407U          20355.50096881 -.00000448  00000+0 -13162-1 0  9996
2 84407  18.7456 146.8563 7243176 148.5019 289.6333  2.05691572 38436
UNKNOWN                 
1 84414U          20356.63273805  .00057542  00000+0  19668-2 0  9995
2 84414  65.1728 226.1255 4287644 350.6476   3.4172  6.96560510103875
UNKNOWN                 
1 84415U          20357.19233196  .00034891  00000+0  37752-2 0  9993
2 84415  23.8496 333.6058 5584285 336.6016   5.5584  4.70828694 79850
UNKNOWN                 
1 84434U          20356.81086197 -.00000100  00000+0 -30925-3 0  9993
2 84434  20.3747 311.2006 7158865 208.6196  79.1778  2.33784175 43133
UNKNOWN                 
1 84437U          20357.47193371 -.00000051  00000+0  00000+0 0  9993
2 84437  18.9835 337.3344 6991644 173.5273 205.9922  1.97231708 48454
UNKNOWN                 
1 84452U          20357.20240419  .00003947  00000+0  61279-3 0  9992
2 84452   2.7982 105.2462 6365132 287.0035  15.7404  3.52294405 86238
UNKNOWN                 
1 84479U          20357.11020207  .00243223  00000+0  12480-1 0  9993
2 84479  23.5144 102.9213 5006471 175.0297 192.9605  5.68936728 61266
UNKNOWN                 
1 84480U          20356.90220346  .00003491  00000+0  16566-2 0  9998
2 84480  45.9113 315.2252 4559304  44.7172 344.1453  6.24804929143831
UNKNOWN                 
1 84481U          20354.92110790  .00006591  00000+0  22348-2 0  9999
2 84481  64.6776 181.4250 5952933 353.2722   1.3859  4.08209188 61209
UNKNOWN                 
1 84588U          20357.27054162  .00003882  00000+0  13357-2 0  9998
2 84588   2.2424 278.1018 7053996 192.5559 131.1098  2.56181911 60116
UNKNOWN                 
1 84597U          20356.28500282 -.00000236  00000+0  24584-3 0  9993
2 84597  19.0616 336.5393 7277802 109.4477 337.1223  2.17689229 28822
UNKNOWN                 
1 84911U          20357.48644823  .00000220  00000+0  30604-2 0  9997
2 84911   1.6634 267.6573 6583266  32.8889 144.8741  2.95852396 76769
UNKNOWN                 
1 84932U          20355.47995413  .00000278  00000+0  41201-2 0  9999
2 84932   2.2858 127.8952 6556867 286.0004  19.0881  2.98819686 77323
UNKNOWN                 
1 84950U          20356.62237878  .00000062  00000+0  00000+0 0  9991
2 84950   1.3203 198.5671 6961559 268.8925 296.9220  2.04143784 52858
UNKNOWN                 
1 84961U          20356.17468890 -.00000352  00000+0  00000+0 0  9996
2 84961   9.8722 303.5086 0138431 228.6609 130.2180  0.98639037 25520
UNKNOWN                 
1 85001U          20356.39135384  .00021181  00000+0  25159-2 0  9992
2 85001  51.4329 125.0470 2848275 102.5931 290.4449  9.52568179255248
UNKNOWN                 
1 85004U          20357.49262659  .00000175  00000+0  73832-4 0  9996
2 85004  98.2528 359.5364 0050563 206.3450 307.7524 14.35785389371098
UNKNOWN                 
1 85010U          20357.47533743  .00000362  00000+0  45514-3 0  9999
2 85010  99.3921 242.2390 0028430 316.7264 167.3208 13.70652031354790
UNKNOWN                 
1 85011U          20355.46399730  .00004345  00000+0  18794-2 0  9997
2 85011  70.9840  17.7281 0011352 269.2914  90.6913 14.24858546163540
UNKNOWN                 
1 85015U          20357.02529583  .00000070  00000+0  21069-4 0  9998
2 85015  74.0492 265.1808 0016049 278.1720  81.7625 14.59665558377374
UNKNOWN                 
1 85023U          20356.73197123  .00001618  00000+0  70361-3 0  9992
2 85023  99.8626  78.8336 0006586 182.2254 335.1488 14.25767911367656
UNKNOWN                 
1 85027U          20357.34064849  .00000034  00000+0  10886-3 0  9999
2 85027  66.0408 224.9904 0169131  73.1064 288.8467 13.73285990355137
UNKNOWN                 
1 85047U          20357.24495676  .00002487  00000+0  66704-2 0  9999
2 85047 102.1170 353.3391 0233055 295.8910  61.8334 13.07253202336885
UNKNOWN                 
1 85061U          20356.72709774  .00002010  00000+0  97606-2 0  9991
2 85061 102.4284 165.2030 0278089  81.0743 293.5471 12.63349854325384
UNKNOWN                 
1 85100U          20356.22593162  .00000065  00000+0  29658-4 0  9994
2 85100  74.0467 336.1553 0013969 293.4418  78.5233 14.38824826371824
UNKNOWN                 
1 85106U          20357.22147627  .00000227  00000+0  31285-3 0  9990
2 85106 100.1426 335.9374 0009833 304.8210  67.4327 13.70287679354091
UNKNOWN                 
1 85111U 73086    20356.88145479  .00000130  00000+0  11281-2 0  9990
2 85111 101.6083 329.8062 0008729 261.9152  98.0929 12.50827638238685
UNKNOWN                 
1 85117U          20357.22889418  .00008128  00000+0  10955-2 0  9991
2 85117  70.0349 310.4006 0071200 310.7259  48.7720 14.77712391328933
UNKNOWN                 
1 85124U          20357.34162866  .00006331  00000+0  10026-2 0  9996
2 85124  82.2373 211.1172 0389938 169.1267 191.8669 14.31986000207724
UNKNOWN                 
1 85133U          20357.34265897  .00000861  00000+0  40078-3 0  9997
2 85133  98.9014  44.0103 0028862 145.7856 214.5188 14.22969153272100
UNKNOWN                 
1 85151U 86019    20356.77662693  .00001152  00000+0  39762-3 0  9994
2 85151  98.5056 187.7894 0016547 268.4909  91.4382 14.37654626216369
UNKNOWN                 
1 85159U          20357.01023794  .00002198  00000+0  11600-2 0  9990
2 85159  98.8357 257.0412 0085961  21.5376 338.9377 14.13024501241710
UNKNOWN                 
1 85175U          20356.60887858  .00002393  00000+0  53556-3 0  9995
2 85175 101.3739 123.2907 0150371  32.5618 328.4732 14.51475644359128
UNKNOWN                 
1 85205U          20355.38046541  .00000077  00000+0  63418-4 0  9995
2 85205  82.9561 223.9055 0036636 336.8862 197.1525 13.76391505356193
UNKNOWN                 
1 85210U 75052    20356.46566778  .00000021  00000+0  68529-4 0  9996
2 85210  99.7926  78.0258 0224314 284.7023  85.4884 13.68202765353437
UNKNOWN                 
1 85217U          20357.39149024  .00000238  00000+0  87248-4 0  9997
2 85217  97.9558 216.7937 0240508 159.1199 202.0013 14.25727356368352
UNKNOWN                 
1 85220U          20357.13797572  .00003802  00000+0  11152-2 0  9999
2 85220  99.3952 125.3928 0179848 220.7894 137.9710 14.35548605369990
UNKNOWN                 
1 85237U          20357.16910075  .00000652  00000+0  19174-3 0  9998
2 85237  65.5406 196.8160 0592696 118.7900 247.4009 13.79632609356430
UNKNOWN                 
1 85238U          20357.18197025  .00000005  00000+0  37585-4 0  9992
2 85238  98.8398 331.4675 0064636  86.3463 331.8618 13.87932556358822
UNKNOWN                 
1 85246U          20357.36935024  .00000225  00000+0  10357-3 0  9991
2 85246  98.0294 142.4439 0239684 218.7279 139.6502 14.15373821365739
UNKNOWN                 
1 85266U          20356.41757561 -.00000015  00000+0  10069-4 0  9995
2 85266  62.7586  13.6019 3641194 139.9520 253.6389  7.74120781199316
UNKNOWN                 
1 85283U 78098    20356.85397909  .00003286  00000+0  79465-3 0  9996
2 85283  99.7037 321.3560 0028034 179.7926 180.3282 14.53686874276563
UNKNOWN                 
1 85292U          20357.18403413  .00001850  00000+0  50401-3 0  9993
2 85292  65.8312 155.7670 0059089 216.2736 143.4353 14.48883468923250
UNKNOWN                 
1 85370U          20357.46744567  .00000408  00000+0  41491-3 0  9996
2 85370  99.9605  75.5492 0008993 100.2927 273.1342 13.83444517357620
UNKNOWN                 
1 85373U          20356.37807204  .00000498  00000+0  43776-3 0  9993
2 85373 100.4112 136.7465 0052976 292.3409  94.3567 13.90697548358931
UNKNOWN                 
1 85383U          20356.15668626  .00001255  00000+0  36861-3 0  9992
2 85383  98.6659  71.2376 0107801  72.0731 289.2176 14.42258390322881
UNKNOWN                 
1 85386U          20357.48318580  .00001328  00000+0  36151-3 0  9996
2 85386  98.6420  84.0710 0115034   9.7468  46.1659 14.45376178373379
UNKNOWN                 
1 85409U          20357.83333333 -.00000173  00000-0  00000+0 0  9993
2 85409   0.9393 103.5595 1935861 207.2651 153.5569  1.10280812  1756
UNKNOWN                 
1 85416U          20328.81146168  .00030260  00000-0  13890-2 0  9998
2 85416  97.3681 103.3738 0014160 299.3393  60.6428 15.20268535   525
UNKNOWN                 
1 85422U          20328.54819839  .00009974  00000-0  46125-3 0  9993
2 85422  97.3673 103.1173 0014216 301.3732  58.6101 15.20261142   226
UNKNOWN                 
1 87001U          20357.20369160  .00006215  00000+0  27235-1 0  9993
2 87001 105.4132  89.7809 0143320 255.9941 102.5158 12.77852067328025
UNKNOWN                 
1 87011U          20357.34541710  .00000062  00000+0  22984-3 0  9994
2 87011  67.0378 116.3248 0260348 152.3185 209.2006 13.27716561343472
UNKNOWN                 
1 87013U          20356.79986048  .00138775  00000+0  43128-1 0  9995
2 87013  65.5021  26.4346 1327558 197.1653 158.0006 12.30267357  2961
UNKNOWN                 
1 87014U          20357.04687876  .00000648  00000+0  12177-2 0  9990
2 87014 100.4809 208.0493 0058789 271.0098 246.9248 13.42556411346510
UNKNOWN                 
1 87027U          20357.46125297  .00006391  00000+0  31792-1 0  9998
2 87027  64.2245 156.7596 3989555  53.7280 336.9832  6.75043191136029
UNKNOWN                 
1 87029U          20356.62862166  .00000164  00000+0  13817-3 0  9992
2 87029  98.9579  58.4586 0072601 268.0850  91.1998 13.99964314338455
UNKNOWN                 
1 87041U          20357.45760788 -.00000466  00000+0 -24082-2 0  9997
2 87041  67.3169 269.5047 0351601 163.9513 197.2977 12.43397948324103
UNKNOWN                 
1 87042U          20356.93446775 -.00000056  00000+0 -77962-5 0  9990
2 87042  98.9116  64.5683 0046577 144.1726 216.2580 14.03605568298868
UNKNOWN                 
1 87051U          20357.32973678  .00000034  00000+0  44754-4 0  9997
2 87051  65.7296 219.8501 0770161 235.6617 116.9237 13.35858142345322
UNKNOWN                 
1 87053U          20357.45552932  .00068928  15545-5  13649-2 0  9998
2 87053  63.0575 207.6414 2597113  62.3546 321.6635 10.26133811248555
UNKNOWN                 
1 87054U          20357.26912468  .00001059  00000+0  75711-3 0  9997
2 87054 100.0965  11.4146 0013143 143.1811 217.0254 13.99874980361475
UNKNOWN                 
1 87065U          20357.16028685  .00001029  00000+0  13075-2 0  9998
2 87065  98.7287  76.2513 0340769 259.3393  96.9201 13.43757351272250
UNKNOWN                 
1 87071U          20356.91178795  .00000698  00000+0  31681-3 0  9990
2 87071  61.2211 156.2763 0579798  90.9297 275.8163 13.65306043353160
UNKNOWN                 
1 87074U          20357.37337915 -.00000167  00000+0 -93777-4 0  9993
2 87074  66.1415 340.7200 0150823 189.2966 170.5300 13.70060062354257
UNKNOWN                 
1 87076U          20357.06227848  .00000162  00000+0  59971-3 0  9994
2 87076  67.7606 268.6973 0644245 321.5554  34.1172 12.54878705324816
UNKNOWN                 
1 87079U          20357.36901220  .00004829  00000+0  49935-3 0  9996
2 87079  70.3234 220.6992 0024223  76.8849 283.5010 14.90496235382114
UNKNOWN                 
1 87082U          20357.38655687  .00005226  00000+0  35227-3 0  9996
2 87082  97.4619 325.4771 0165430  76.5017 285.4577 14.96494686335508
UNKNOWN                 
1 87091U          20356.03684718  .00004903  00000+0  29699-3 0  9991
2 87091  65.7006 109.0786 0142913  57.5663 303.9192 15.03520572384433
UNKNOWN                 
1 87094U          20355.65548857  .00003160  00000+0  80615-3 0  9993
2 87094  99.7934  57.2961 0124373  36.5730 324.3870 14.46887059371544
UNKNOWN                 
1 87107U          20356.46133179  .00017045  00000+0  10679-2 0  9994
2 87107  98.9090  63.1138 0017200  12.7525 347.4132 15.09334369337048
UNKNOWN                 
1 87113U          20357.49161266  .00002012  00000+0  35836-3 0  9994
2 87113  65.6667 263.8518 0355837  71.1122  97.6013 14.35701637370054
UNKNOWN                 
1 87129U          20357.38436747  .00000030  00000+0  55992-3 0  9991
2 87129 102.3757  35.0827 0035553 189.6562 170.3822 12.41991062321113
UNKNOWN                 
1 87134U          20356.69505148  .00000456  00000+0  88598-3 0  9992
2 87134  66.6706 106.9467 0463798  13.5703 347.7319 13.09458847338327
UNKNOWN                 
1 87143U          20356.95100287  .00000018  00000+0  00000+0 0  9998
2 87143  26.1425 233.3206 3706470   3.9244 358.3408  6.74031815174618
UNKNOWN                 
1 87149U          20357.32368086  .00000018  00000+0  40727-4 0  9994
2 87149  62.8983 335.8760 3280183 231.8055  93.9634  8.35656439215177
UNKNOWN                 
1 87159U          20357.29679727  .00000432  00000+0  53571-3 0  9998
2 87159  90.3017   9.1546 0118201 221.8774 137.3296 13.60794533309296
UNKNOWN                 
1 87163U          20356.91955814  .00000202  00000+0  97758-4 0  9996
2 87163  65.6038 335.1812 0700828 136.2338 229.6514 13.50297947331350
UNKNOWN                 
1 87164U          20357.02712792  .00000751  00000+0  24419-3 0  9998
2 87164  65.2064 103.6223 0130277  90.9545 270.6475 14.40565517373024
UNKNOWN                 
1 87180U          20357.07689253  .00000876  00000+0  86012-3 0  9991
2 87180  65.9161 248.2570 0019236 100.6567 259.6669 13.83930082357317
UNKNOWN                 
1 87203U          20355.66221665  .00002164  00000+0  52343-3 0  9991
2 87203  98.8816 246.6321 0064633 111.9231 248.8850 14.52918404287657
UNKNOWN                 
1 87204U          20357.09872803  .00000370  00000+0  19074-3 0  9998
2 87204  98.7147 226.0270 0050575 201.7059 158.1975 14.20389061366975
UNKNOWN                 
1 87211U          20356.93896169  .00000512  00000+0  20442-3 0  9998
2 87211  99.0316 241.8601 0068910  84.2584 288.2608 14.31614798446941
UNKNOWN                 
1 87213U          20357.09126852  .00003125  00000+0  42564-3 0  9995
2 87213  99.0268 112.8649 0065342  49.0785 311.6055 14.78131926292401
UNKNOWN                 
1 87214U          20357.19042846  .00001480  00000+0  14822-2 0  9994
2 87214 100.3374 164.2209 0075229 222.5515 136.9788 13.78493103349606
UNKNOWN                 
1 87222U          20355.88374226  .00006430  00000+0  42242-3 0  9995
2 87222  98.9729 222.0218 0065621 290.5059 133.7725 15.06294861474582
UNKNOWN                 
1 87228U          20357.09250821  .00002049  00000+0  76281-3 0  9992
2 87228  98.9260  99.2197 0042236  55.6014 304.9151 14.32689029343689
UNKNOWN                 
1 87235U          20354.58463870  .00000646  00000+0  25691-3 0  9991
2 87235  98.9153 120.0163 0153745  87.5411 274.3360 14.25849148325715
UNKNOWN                 
1 87237U          20357.24853187  .00000064  00000+0  84838-4 0  9996
2 87237  99.4624  11.1363 0106513 129.1617 293.1960 13.89907535359299
UNKNOWN                 
1 87239U          20356.36956338  .00001083  00000+0  45512-3 0  9999
2 87239  82.8842 138.6776 0031765 216.9316 142.9681 14.24796854367558
UNKNOWN                 
1 87245U          20357.34609148  .00000918  00000+0  23855-3 0  9991
2 87245  65.6621 109.8297 0535832 273.0589 116.3929 13.93040536359787
UNKNOWN                 
1 87256U          20357.43451121  .00000332  00000+0  22582-3 0  9995
2 87256  98.8954  65.7793 0045448 103.5794 257.0442 14.06162665328299
UNKNOWN                 
1 87271U          20357.47102222  .00000639  00000+0  16819-3 0  9997
2 87271  65.7741 269.4017 0572281 266.2789  87.2700 13.87901462358215
UNKNOWN                 
1 87280U          20357.38188305  .00000184  00000+0  41968-3 0  9991
2 87280  64.6178  39.3475 0124291 320.3095  38.8896 13.46892423289105
UNKNOWN                 
1 87293U          20356.87037223  .00000792  00000+0  21409-3 0  9993
2 87293  65.9085 163.7906 0534728 246.8890 107.4987 13.92311536359481
UNKNOWN                 
1 87300U          20357.20056484  .00000549  00000+0  46314-3 0  9992
2 87300 100.0823 147.1264 0031462  60.3452 300.0831 13.92616979359831
UNKNOWN                 
1 87304U          20356.39893893  .00000177  00000+0  36401-4 0  9992
2 87304  74.0197 250.8622 0021606 317.8323  42.1184 14.68044373379345
UNKNOWN                 
1 87305U          20355.67378864  .00001672  00000+0  33398-3 0  9991
2 87305  73.9968 125.6401 0035844 356.5572   3.5341 14.62356461207387
UNKNOWN                 
1 87313U          20357.36155372 -.00000043  00000+0  28381-4 0  9994
2 87313  65.8438  35.1312 0205654 151.9148 209.3201 13.88570586359076
UNKNOWN                 
1 87320U          20356.91096251  .00000014  00000+0  57972-4 0  9997
2 87320  66.5992  59.7007 0443545 123.0620 241.3859 13.61854092345830
UNKNOWN                 
1 87328U          20357.22767911  .00003657  00000+0  40814-3 0  9990
2 87328  65.7632  75.7124 0242946 150.9838 210.5034 14.69336383378038
UNKNOWN                 
1 87331U          20357.32968402  .00012191  00000+0  42666-3 0  9993
2 87331  66.9036 208.2856 0010533  75.9954 284.2367 15.29724433391393
UNKNOWN                 
1 87333U          20357.33726111  .00000015  00000+0  80650-4 0  9993
2 87333  66.5376 337.4087 0033816 291.5680  68.1791 13.85870868358566
UNKNOWN                 
1 87334U          20357.46699080 -.00000338  00000+0 -46321-3 0  9998
2 87334  89.9787 271.3242 0092478 330.1078  29.4814 13.58508105137441
UNKNOWN                 
1 87335U          20357.25484394  .00003238  00000+0  42498-2 0  9996
2 87335  89.9658 270.4157 0105097 323.3488  36.0510 13.58928921137455
UNKNOWN                 
1 87342U          20357.18426735 -.00000862  00000+0 -92545-2 0  9991
2 87342 102.6238 170.6654 0930533 297.9713  53.0152 11.27662952290635
UNKNOWN                 
1 87350U          20357.47970699  .00000163  00000+0  66537-4 0  9991
2 87350  98.0467 228.1958 0253058 214.2520 144.2116 14.22944040367626
UNKNOWN                 
1 87359U          20357.06079504  .00000150  00000+0  25882-3 0  9993
2 87359  65.8487 149.9466 0129735  58.6496 302.7182 13.66784247354582
UNKNOWN                 
1 87382U          20354.67519536  .00013195  00000+0  22276-2 0  9993
2 87382  70.9701 137.3033 0008477 213.1287 146.9334 14.69511315288570
UNKNOWN                 
1 87397U          20356.49588926  .00002803  00000+0  52527-3 0  9997
2 87397  81.2404 267.6865 0014231  71.1189 289.1553 14.64518269289944
UNKNOWN                 
1 87405U          20357.40541502 -.00000123  00000+0 -11408-3 0  9996
2 87405  82.7591  39.7863 0056429 123.9289 236.7258 13.88533720358597
UNKNOWN                 
1 87410U          20356.29618168  .00000916  00000+0  88872-2 0  9997
2 87410 102.2934 303.4944 0196622  64.7189 297.4093 12.18430938315340
UNKNOWN                 
1 87415U          20357.24264251  .00001097  00000+0  10116-2 0  9995
2 87415  65.3565  78.4668 0030708 310.2621  49.5758 13.86688093357936
UNKNOWN                 
1 87416U          20356.44311318  .00001587  00000+0  66131-3 0  9997
2 87416  82.8362  63.5437 0017293 269.0400  90.8803 14.25712717349100
UNKNOWN                 
1 87423U          20357.22455045  .00011744  00000+0  12689-2 0  9992
2 87423  98.8318 339.5886 0055749 323.8777  35.8675 14.87370091289993
UNKNOWN                 
1 87426U          20357.10557530  .00000644  00000+0  38020-3 0  9999
2 87426  65.8107 130.1351 0077547 169.3257   5.1053 14.13179314364891
UNKNOWN                 
1 87433U          20356.63898449  .00000663  00000+0  13851-2 0  9996
2 87433 100.2609 123.1902 0050394 282.9289  76.6210 13.35523490189661
UNKNOWN                 
1 87448U          20357.39479832  .00000928  00000+0  86849-3 0  9999
2 87448 100.4511 328.3368 0068019 196.6487 163.2430 13.83892993357552
UNKNOWN                 
1 87455U          20357.44259826  .00020642  74478-6  94711-3 0  9991
2 87455  63.3771 270.3084 2964472 251.4533  74.4872  9.43179328236435
UNKNOWN                 
1 87456U          20356.02624987  .00001652  00000+0  31407-3 0  9995
2 87456  65.7919  99.0805 0625745 201.9099 155.4111 13.85944326357872
UNKNOWN                 
1 87468U          20355.41510711  .00001267  00000+0  16099-3 0  9991
2 87468  74.0158 258.9910 0067460 126.3340 234.4091 14.81224054209887
UNKNOWN                 
1 87491U          20357.43344327  .00001823  00000+0  46108-3 0  9991
2 87491  98.6489  53.8077 0070938 319.3692  40.2221 14.50772995317938
UNKNOWN                 
1 87501U          20355.72054463  .00003159  00000+0  99602-3 0  9993
2 87501  74.0365  17.1182 0025006 203.1171 156.8861 14.40552355205721
UNKNOWN                 
1 87517U          20357.16449455  .00000403  00000+0  16504-3 0  9998
2 87517  65.8299 264.2352 0721873  90.6979 343.3085 13.45386380347530
UNKNOWN                 
1 87520U          20357.34739915  .00002317  00000+0  53951-2 0  9997
2 87520 101.6008  30.4212 0169099 314.0352  44.6933 13.20876239340124
UNKNOWN                 
1 87521U          20356.21674421  .00009376  00000+0  16418-2 0  9992
2 87521  63.3737  73.9990 2316393 314.5647  28.7512 10.49540645220263
UNKNOWN                 
1 87541U          20356.53681806  .00000001  00000+0  88528-4 0  9993
2 87541  99.9046 256.4883 0059878 320.8045 162.7043 13.34869829339538
UNKNOWN                 
1 87553U          20357.33794776  .00000719  00000+0  26140-3 0  9993
2 87553  65.6737  16.5777 0749855 309.3507  44.3347 13.41589606346823
UNKNOWN                 
1 87557U          20357.17868788  .00002095  00000+0  58790-2 0  9998
2 87557 101.7237 337.5434 0088236 359.9478   0.1605 13.12081003325704
UNKNOWN                 
1 87561U          20356.45195909 -.00000056  00000+0 -90002-4 0  9992
2 87561 102.2308  61.1537 0173531   6.5212   4.7370 12.32176981318614
UNKNOWN                 
1 87565U          20357.23245635  .00000257  00000+0  18054-3 0  9992
2 87565  99.9704 161.1969 0183059  20.8961 339.9560 14.00314669361869
UNKNOWN                 
1 87569U          20357.02623321 -.00000039  00000+0  45102-4 0  9999
2 87569 101.7964  94.1360 0055868 234.0164 301.4220 12.68468312328118
UNKNOWN                 
1 87574U          20356.87253580  .00009510  00000+0  14139-2 0  9999
2 87574  73.9935 313.2127 0045345  64.4102 296.1746 14.74367500265001
UNKNOWN                 
1 87587U          20357.34927720  .00000026  00000+0  16939-4 0  9995
2 87587  74.0236 217.4085 0021369 330.9539  29.0424 14.38839141372486
UNKNOWN                 
1 87590U          20356.36869301  .00000066  00000+0  65293-4 0  9991
2 87590  99.0063  31.1052 0026726 353.5281  17.9033 14.07528064899411
UNKNOWN                 
1 87594U          20357.44862690 -.00000050  00000+0  68506-4 0  9993
2 87594  63.1338 358.1561 0090699  85.7529 275.3853 13.44814155347886
UNKNOWN                 
1 87616U          20357.10034600  .00000082  00000+0  46633-3 0  9993
2 87616  66.0379 112.5921 0642692 191.9308 344.6857 12.44666991309986
UNKNOWN                 
1 87624U          20357.48882552  .00000496  00000+0  12115-3 0  9997
2 87624  98.7933 180.4452 0131179  51.5525 309.7356 14.52418812315667
UNKNOWN                 
1 87632U          20356.60102082  .00000422  00000+0  21769-1 0  9994
2 87632  85.9529 202.7953 1980743  70.5534 309.7976  8.79108918172754
UNKNOWN                 
1 87642U          20356.24589918  .00006804  00000+0  37613-3 0  9999
2 87642  62.2254 185.8414 0196802 116.0651 246.0847 14.99812955378403
UNKNOWN                 
1 87656U          20354.48585684  .00001884  00000+0  46548-3 0  9994
2 87656  99.1296  82.1812 0018806  94.6534 265.6808 14.53291400735184
UNKNOWN                 
1 87664U          20340.89482934  .00000013  00000-0  14138-3 0  9991
2 87664  99.7196   8.3028 0216108 212.8262 273.8746 13.06048840450590
UNKNOWN                 
1 87672U          20357.48890123 -.00000176  00000+0 -60980-4 0  9994
2 87672  70.8598 289.4676 0061291 145.0862 215.4305 14.18066627366350
UNKNOWN                 
1 87681U          20356.83202204  .00000583  00000+0  71294-3 0  9998
2 87681  66.7388  62.9830 0168333 280.7861  77.4296 13.66826066353239
UNKNOWN                 
1 87690U          20356.54276145  .00000378  00000+0  82148-4 0  9994
2 87690  65.8001 288.3395 0688370 233.0675 120.5434 13.77295448355640
UNKNOWN                 
1 87692U          20357.48697112  .00029552  00000+0  24633-2 0  9999
2 87692  70.8598  18.9967 0027757 265.9197  93.8796 14.98200201380255
UNKNOWN                 
1 87706U          20357.29852181  .00000370  00000+0  10140-3 0  9999
2 87706  98.5078 107.3060 0137693  51.4639   2.8900 14.47688242314701
UNKNOWN                 
1 87725U          20357.32369757  .00001219  00000+0  40692-3 0  9994
2 87725  82.8973 353.2936 0033330  41.6448 318.7271 14.36533802370484
UNKNOWN                 
1 87727U          20357.26143914  .00012768  00000+0  24530-2 0  9997
2 87727  70.9841  85.1885 0016661 204.9223 155.1123 14.63686937375634
UNKNOWN                 
1 87730U          20356.14130193  .00000052  00000+0  39018-4 0  9994
2 87730  82.9442 138.5157 0030343  30.4704 329.8206 13.74160124335681
UNKNOWN                 
1 87732U          20357.41347045  .00140545  00000+0  43358-2 0  9995
2 87732  98.7043 236.1953 0039150   4.8108 355.3498 15.32253136293976
UNKNOWN                 
1 87737U          20357.38978021 -.00000044  00000+0  17433-5 0  9998
2 87737  99.6384 217.3038 0133053 222.6668 136.4086 13.71992488354769
UNKNOWN                 
1 87764U          20357.31632125  .00000833  00000+0  19610-3 0  9995
2 87764  65.6747 324.3227 0500679 254.9711 174.9363 14.03688308362250
UNKNOWN                 
1 87771U          20357.33013595 -.00000045  00000+0  68787-6 0  9997
2 87771 100.6040 134.7353 0120596 163.1432 197.3741 13.18997747295589
UNKNOWN                 
1 87782U          20357.24740430  .00001089  00000+0  43132-2 0  9995
2 87782 102.3426 342.7762 0081520 291.6168  67.6253 12.89929003333025
UNKNOWN                 
1 87784U          20356.92025616  .00079442  00000+0  33147-2 0  9996
2 87784  62.1477 152.9305 1110349 325.6727  27.7085 13.25877430174684
UNKNOWN                 
1 87817U          20357.14182927  .00004880  00000+0  36387-3 0  9991
2 87817  62.7662 244.5271 0148534 334.9197  24.4731 14.95827551413510
UNKNOWN                 
1 87818U          20357.40514034  .00006000  00000+0  15059-2 0  9997
2 87818  61.9246 334.1730 3828781 181.6207 176.7870  7.58974972142590
UNKNOWN                 
1 87841U          20357.40634955  .00001019  00000+0  54065-3 0  9994
2 87841 102.8861  53.5878 0203888 208.9027 150.0709 14.07332494362986
UNKNOWN                 
1 87843U          20349.94044173 -.00000178  00000-0 -33841-3 0  9990
2 87843  99.6690 240.1203 0252723 290.2255  67.1849 13.09911513854251
UNKNOWN                 
1 87845U          20357.07635943  .00000949  00000+0  19098-2 0  9996
2 87845  98.8783 291.4126 0591342  96.0237 270.8539 12.83960939331712
UNKNOWN                 
1 87848U          20357.13277670  .00000156  00000+0  34325-4 0  9997
2 87848  74.0153 270.9640 0019843   5.6533 354.4856 14.65730084378878
UNKNOWN                 
1 87878U          20357.18457706  .00000578  00000+0  24777-3 0  9992
2 87878  99.2215 341.6887 0042267 129.5546 230.9380 14.28533269351229
UNKNOWN                 
1 87883U          20357.46543270  .00000229  00000+0  10045-3 0  9997
2 87883  99.2811 225.6155 0298979  75.5793 287.8357 14.11994358315781
UNKNOWN                 
1 87884U          20357.20005074 -.00000280  00000+0 -13515-3 0  9999
2 87884  98.5314 158.2172 0157663 144.1730 217.0138 14.04368252363291
UNKNOWN                 
1 87898U          20356.00926072  .00002046  00000+0  77020-3 0  9992
2 87898  98.9243 200.8421 0133279 165.0675 195.4500 14.27802977367781
UNKNOWN                 
1 87934U          20357.31436638  .00000039  00000+0  26172-4 0  9995
2 87934  82.9361 201.6490 0031706  45.9412  76.6648 13.72782353355074
UNKNOWN                 
1 87942U          20357.18597954  .00001151  00000+0  13131-3 0  9994
2 87942  99.0617 246.5256 0147206 143.3486   7.5979 14.81122341375899
UNKNOWN                 
1 87960U          20356.97535072 -.00000395  00000+0 -10645-2 0  9990
2 87960  67.6333 243.2907 0611350 279.1496  87.1402 12.54416512856485
UNKNOWN                 
1 87970U          20356.38982537  .00019786  00000+0  90449-3 0  9991
2 87970  99.0318 217.2645 0033601 168.0594 192.1441 15.20107154334127
UNKNOWN                 
1 87972U          20353.98801033  .00002335  00000+0  86057-3 0  9999
2 87972  98.8129 266.5705 0174605 299.0667  59.3121 14.25463584315456
UNKNOWN                 
1 87991U          20357.07231894  .00001235  00000+0  25266-2 0  9998
2 87991  28.6285 284.6758 0905177 317.8707  35.5570 12.29212166298937
UNKNOWN                 
1 87997U          20357.43115340  .00410071  22936-4  56445-2 0  9993
2 87997  63.0873 200.6911 1078340  35.1830 331.5767 13.52758252289787
UNKNOWN                 
1 87998U          20355.86994506  .00000249  00000+0  17120-3 0  9991
2 87998  98.7596  44.1885 0027207 357.8132   2.2914 14.07859122292868
UNKNOWN                 
1 88028U          20356.95058824  .00000065  00000+0  12736-3 0  9995
2 88028  20.8906 173.0118 7065859 346.1304   1.6378  2.44658249 58142
UNKNOWN                 
1 88049U          20357.03946095  .00000579  00000+0  89087-2 0  9996
2 88049  64.2906 270.0071 5497715  42.7949 352.9958  4.30626836111370
UNKNOWN                 
1 88078U          20356.87539407  .00000070  00000+0  34334-3 0  9996
2 88078 101.5144 332.5780 0268126  30.5786 331.0642 12.98257872318104
UNKNOWN                 
1 88079U          20357.44194634  .00004637  00000+0  15641-2 0  9992
2 88079  20.6496  68.5593 4725899 129.0786 283.3951  6.00766380118034
UNKNOWN                 
1 88096U          20357.37321916  .00001608  00000+0  29900-2 0  9996
2 88096  65.2189 348.8318 5137577 130.9074 286.6116  5.15217404161847
UNKNOWN                 
1 88117U          20356.86046468  .00000064  00000+0  23516-4 0  9993
2 88117  20.3840 155.9529 4896962 346.5410   4.0143  5.58105535115913
UNKNOWN                 
1 88173U          20356.56903995  .00000994  00000+0  71205-3 0  9998
2 88173  99.1677 282.6649 0159701  40.8124 320.4870 13.93535392347626
UNKNOWN                 
1 88203U          20341.54103977  .00096304  00000-0  42671-2 0  9991
2 88203  64.5449 142.4409 5565200 355.2472   1.1037  4.78204707 71133
UNKNOWN                 
1 88216U          20357.14905028  .00003054  00000+0  94406-2 0  9997
2 88216  21.7874 294.4285 6648044  48.9444 351.8095  2.97722450 60572
UNKNOWN                 
1 88238U          20356.36327877  .00000120  00000+0  51151-3 0  9996
2 88238  21.4404 111.3366 7027528  84.6833 345.0463  2.54218156 58732
UNKNOWN                 
1 88241U          20354.83405010  .00031537  00000+0  71059-2 0  9990
2 88241  62.4999 160.0554 4001190 164.7548 212.2493  7.29637255149918
UNKNOWN                 
1 88255U          20355.87256272  .00011368  00000+0  10799-2 0  9998
2 88255  20.3269  61.4256 4733902 166.6172 212.4766  6.10898440124592
UNKNOWN                 
1 88269U          20356.52178757 -.00000047  00000+0  00000+0 0  9991
2 88269  62.9497  17.7314 4685956 279.0635 285.4691  5.35423932138711
UNKNOWN                 
1 88270U          20356.95413590  .00001605  00000+0  28832-2 0  9993
2 88270  48.8654 224.4133 6545402  72.3666 345.6205  3.14325779 66702
UNKNOWN                 
1 88271U          20357.48574882 -.00000063  00000+0  14655-2 0  9991
2 88271  64.1313  46.5258 5573246 255.3810 267.8986  3.90230733101044
UNKNOWN                 
1 88288U          20357.32291365  .00335824  00000+0  85032-2 0  9996
2 88288  20.6558  47.5764 3605344 170.3030 199.1984  8.24996361 17900
UNKNOWN                 
1 88313U          20357.21381336  .00003465  00000+0  47912-2 0  9999
2 88313  20.3391  72.4980 6831479 279.7965  14.9129  2.79068468 70515
UNKNOWN                 
1 88323U          20354.76233076 -.00000428  00000+0  00000+0 0  9995
2 88323  18.2380 108.5483 6659287 291.7662  12.6414  1.96376171 41502
UNKNOWN                 
1 88342U          20357.39616196  .00010751  00000+0  41706-2 0  9996
2 88342  20.9693  40.3425 5225300 308.6032  15.1301  5.18421912103269
UNKNOWN                 
1 88355U          20357.28001096 -.00000104  00000+0  00000+0 0  9996
2 88355  20.4966  90.8701 6965653 226.0144  49.8105  2.24702727 44785
UNKNOWN                 
1 88710U          20357.34453797  .00000064  00000+0 -20676-5 0  9999
2 88710  63.4608 135.6970 5749158 249.4148 143.5211  4.16118920107653
UNKNOWN                 
1 88716U          20356.04229082  .00000101  00000+0  85254-3 0  9991
2 88716  63.7029 350.7435 3857532 313.7498  60.8732  6.85139076177213
UNKNOWN                 
1 89003U          20355.68578521  .00000062  00000+0  31126-4 0  9991
2 89003  74.0475 105.5563 0017169 253.4121 106.5146 14.34655521370724
UNKNOWN                 
1 89005U          20357.06177125  .00000288  00000+0  89451-4 0  9996
2 89005  97.9437 298.2334 0223260 147.1429 214.3868 14.34275125272969
UNKNOWN                 
1 89029U          20356.78050368  .00000398  00000+0  61967-4 0  9993
2 89029  98.2529 190.9140 0032187  91.7526 268.7371 14.78358115381717
UNKNOWN                 
1 89037U          20356.72632231  .00000556  00000+0  35589-3 0  9997
2 89037  98.4111 345.3596 0139409 276.9843  81.5486 14.02480158266923
UNKNOWN                 
1 89048U          20356.79512180  .00004274  00000+0  10161-2 0  9995
2 89048  98.9152 199.9998 0007682 114.9188 245.2806 14.54415212373463
UNKNOWN                 
1 89067U          20357.34412272  .00004451  00000+0  14440-3 0  9991
2 89067  80.9885 111.2080 0606335  73.7509 292.9476 14.37501078319229
UNKNOWN                 
1 89074U          20357.23577346  .00001247  00000+0  15336-2 0  9995
2 89074 100.2902 342.9578 0058079 280.2039  91.4297 13.67022819340351
UNKNOWN                 
1 89101U          20357.17713511  .00000119  00000+0  48216-3 0  9996
2 89101 100.2407 343.6728 0147290 211.0280 148.2063 13.03604015318127
UNKNOWN                 
1 89123U          20356.16105813  .00001311  00000+0  66516-3 0  9996
2 89123  99.0706  75.6328 0062217  35.5938 324.9361 14.16800408269139
UNKNOWN                 
1 89127U          20357.21688026  .00004258  00000+0  48068-3 0  9994
2 89127  74.0721 341.9967 0041588 147.8656 212.5072 14.86235889221886
UNKNOWN                 
1 89132U          20357.22704492  .00003240  00000+0  28266-2 0  9994
2 89132  63.3874 335.1408 3073023 318.5696  21.8243  8.72116504165631
UNKNOWN                 
1 89135U          20356.78501997  .00000896  00000+0  46179-3 0  9990
2 89135  71.0617 176.9765 0137604 139.9246 221.2127 14.12953198364694
UNKNOWN                 
1 89140U          20357.06393264  .00007363  00000+0  22429-2 0  9991
2 89140  98.9040  30.4675 0014628 165.0095 195.1529 14.42241847228131
UNKNOWN                 
1 89143U          20357.19824516  .00098323  00000+0  19514-1 0  9993
2 89143  65.1505 160.0430 0488390 228.2581 127.5762 14.06460147143891
UNKNOWN                 
1 89146U          20357.31757883  .00000311  00000+0  89504-4 0  9991
2 89146  98.1398 299.2234 0118777 253.5096 105.3020 14.47499992365182
UNKNOWN                 
1 89158U          20357.19928095  .00006668  00000+0  76841-3 0  9995
2 89158  98.8524 352.5910 0094076 296.8340  62.3275 14.82916824221096
UNKNOWN                 
1 89161U          20357.37113002  .00000866  00000+0  13013-3 0  9999
2 89161  97.7946  38.1934 0133464 289.8674  68.8192 14.71304290278756
UNKNOWN                 
1 89171U          20357.13423955  .00007167  00000+0  69041-3 0  9998
2 89171  99.0220 141.4500 0061342   5.0867 355.0958 14.91901054282862
UNKNOWN                 
1 89172U 81053    20356.21588172  .00001114  00000+0  27318-3 0  9994
2 89172  82.0806  59.6437 0421497 260.6509  94.6788 14.09602050343685
UNKNOWN                 
1 89177U          20357.22885846  .00000048  00000+0  34628-4 0  9990
2 89177  82.9200 175.4535 0033020 153.3255 206.9607 13.73387173813608
UNKNOWN                 
1 89183U          20356.57648683  .00000126  00000+0  15555-3 0  9994
2 89183  99.1775 288.4216 0133593 301.6104  57.2068 13.79028301356331
UNKNOWN                 
1 89184U          20357.37427409  .00001181  00000+0  40062-3 0  9998
2 89184  98.4945 188.4154 0019856 270.5042  89.3870 14.38440651228903
UNKNOWN                 
1 89195U          20356.13095501  .00000695  00000+0  32357-3 0  9994
2 89195  98.8115  52.4521 0031370 117.3997 243.0379 14.23522230268385
UNKNOWN                 
1 89206U          20356.98438716  .00001364  00000+0  60434-3 0  9990
2 89206  98.7393  14.2516 0029338  66.3683 294.0571 14.24549806226610
UNKNOWN                 
1 89213U          20357.28259086  .00000235  00000+0  18240-3 0  9997
2 89213  98.8594 289.2565 0234684  48.5841 313.5227 13.89017988200326
UNKNOWN                 
1 89218U          20356.53218266  .00000465  00000+0  48153-3 0  9995
2 89218 100.3453 108.3672 0103523   0.2330 359.8850 13.79684909342637
UNKNOWN                 
1 89255U          20356.27214490  .00000458  00000+0  64467-3 0  9990
2 89255  98.6257 355.1897 0365198  11.2077 349.6919 13.37139636251962
UNKNOWN                 
1 89261U          20356.40165507  .00000118  00000+0  51623-4 0  9990
2 89261  98.2780  42.2414 0012568 250.2299 109.7534 14.39098447272188
UNKNOWN                 
1 89281U          20356.97797631  .00002149  00000+0  65359-3 0  9999
2 89281  99.3322  58.1784 0020233 151.9702 334.1261 14.43141666371698
UNKNOWN                 
1 89285U          20357.34995563  .00170550  44313-5  67344-2 0  9997
2 89285  62.9105   9.3455 2142167  77.1522 305.8703 11.10520697153311
UNKNOWN                 
1 89304U          20357.51931196  .00000951  00000+0  10204-1 0  9998
2 89304  85.0979 167.4904 2510852  60.2468  14.1198  8.84334065276723
UNKNOWN                 
1 89314U          20355.61499300  .00000160  00000+0  33238-3 0  9990
2 89314  18.8551 228.6611 7151150 296.7706   8.8726  2.37068625 44095
UNKNOWN                 
1 89327U          20357.26431975  .00000832  00000+0  71061-3 0  9993
2 89327  82.5401 351.9799 0008847 228.4500 131.5903 13.86042653222637
UNKNOWN                 
1 89341U          20357.20295285  .00041015  00000+0  87865-3 0  9992
2 89341  98.1874 344.9564 0011469 121.4238 238.8131 15.44591625341490
UNKNOWN                 
1 89347U          20356.42693594  .00006406  00000+0  12622-2 0  9999
2 89347  86.2824  55.5052 0045346 270.1463  89.4552 14.61747068231283
UNKNOWN                 
1 89349U          20356.70012289  .00000066  00000+0  20732-3 0  9996
2 89349  90.2837 324.5679 0032178   0.5463 359.5686 12.95478509243437
UNKNOWN                 
1 89379U          20357.42917223  .00002777  00000+0  45966-2 0  9997
2 89379 100.5223 235.3458 0045682 215.8758 143.9302 13.47402670335122
UNKNOWN                 
1 89381U          20356.58511530  .00006765  00000+0  13012-2 0  9995
2 89381  98.7862 119.9986 0072041  23.1720 337.2701 14.62304327209740
UNKNOWN                 
1 89389U          20357.41179116  .00001927  00000+0  29925-3 0  9992
2 89389  74.0517  45.1219 0083608 201.8655 157.8943 14.71517033274683
UNKNOWN                 
1 89390U          20356.07820405  .00006026  00000+0  61039-3 0  9996
2 89390  98.9645  99.0542 0039319 341.3930  18.5845 14.90822690362394
UNKNOWN                 
1 89391U          20356.44168315  .00001623  00000+0  15800-3 0  9996
2 89391  97.3938 174.2298 0205603 356.3235   3.6456 14.79310067156326
UNKNOWN                 
1 89395U          20357.10240388 -.00000322  00000+0 -31815-2 0  9995
2 89395 102.3922  46.0189 0221697 338.2179  47.5412 12.01120582306603
UNKNOWN                 
1 89400U          20330.48678805 -.00000018  00000-0  00000-0 0  9995
2 89400  63.1725  10.5283 2284814  94.5787 291.7266  8.14615812254353
UNKNOWN                 
1 89403U          20356.89667633 -.00000054  00000+0 -21405-3 0  9993
2 89403  90.2813 323.0014 0027749 354.0560  34.2352 12.96396767242243
UNKNOWN                 
1 89438U          20356.84010922  .00016807  00000+0  13525-2 0  9993
2 89438  86.3655  26.2395 0016327 128.9935 231.2754 14.99769599275242
UNKNOWN                 
1 89453U          20357.48599460  .00006903  00000+0  49856-3 0  9993
2 89453  97.2619 187.7854 0150089 198.5291 161.0432 14.95679011234945
UNKNOWN                 
1 89460U          20357.32049954  .00000558  00000+0  11909-2 0  9999
2 89460 100.2983 123.5310 0056203 285.9312  73.5624 13.34888206190531
UNKNOWN                 
1 89483U          20357.10575175  .00001576  00000+0  18374-3 0  9994
2 89483  99.4740 302.5232 0268704 203.6505 155.2152 14.64639491230353
UNKNOWN                 
1 89484U          20357.34173259  .00003472  00000+0  67322-1 0  9990
2 89484  85.3172 219.4671 2343638 104.4275 282.6236  8.82937748193517
UNKNOWN                 
1 89490U          20357.16545943  .00001740  00000+0  86052-3 0  9999
2 89490  98.3574 347.3562 0133021 132.3805 228.8720 14.13989396222198
UNKNOWN                 
1 89492U          20356.98883014  .00001571  00000+0  11797-2 0  9999
2 89492  82.5306  92.9780 0031365 135.3936 224.9762 13.93659386313856
UNKNOWN                 
1 89493U          20357.26782127  .00000608  00000+0  38349-3 0  9998
2 89493  99.1607  21.4387 0092853  86.3141 274.8639 14.05919574208040
UNKNOWN                 
1 89494U          20355.28377268  .00000854  00000+0  52848-3 0  9998
2 89494  99.1610  19.4420 0093331  91.8212 269.3647 14.05899603207623
UNKNOWN                 
1 89496U          20357.48534022  .00005920  00000+0  77207-3 0  9992
2 89496  98.9030   2.5154 0094920   6.5522 353.6902 14.77857934210420
