NOAA 15                 
1 25338U 98030A   20358.11187375  .00000033  00000-0  32479-4 0  9997
2 25338  98.7009  22.0470 0011392  75.9160 284.3285 14.26005145176111
NOAA 18                 
1 28654U 05018A   20358.14722917  .00000087  00000-0  71497-4 0  9997
2 28654  99.0202  56.1078 0015005  61.9377 298.3310 14.12566748803641
METOP-A                 
1 29499U 06044A   20358.15429789  .00000007  00000-0  22478-4 0  9994
2 29499  98.4983  38.2323 0001656  91.7727   3.9998 14.21493032735695
NOAA 19                 
1 33591U 09005A   20358.16518174  .00000039  00000-0  46524-4 0  9993
2 33591  99.1935   8.4100 0013065 266.8393  93.1283 14.12445079612039
METOP-B                 
1 38771U 12049A   20358.20073418  .00000007  00000-0  23015-4 0  9997
2 38771  98.7061  54.7741 0001966 141.8689 285.6686 14.21480717428837
SARAL                   
1 39086U 13009A   20357.82840923  .00000004  00000-0  17691-4 0  9994
2 39086  98.5408 180.5346 0001927  76.2732 283.8666 14.32040315408964
METOP-C                 
1 43689U 18087A   20358.15465447  .00000000  00000-0  20179-4 0  9991
2 43689  98.7131  55.0976 0003013 147.7382 212.3980 14.21486028110409
ANGELS                  
1 44876U 19092D   20357.57862637  .00000646  00000-0  36468-4 0  9998
2 44876  97.4611 177.8836 0014095  82.0573 278.2259 15.16526700 56091
