SAUDISAT 1C             
1 27607U 02058C   20357.15799147  .00000076  00000-0  31356-4 0  9992
2 27607  64.5539 160.4688 0029806 102.4892 257.9548 14.75693719968410
SAUDISAT 2              
1 28371U 04025F   20358.08011525 -.00000048  00000-0 -39649-6 0  9993
2 28371  98.3043 305.2922 0025289 334.1197  25.8736 14.54405809874591
SAUDISAT 3              
1 31118U 07012B   20358.15304108  .00000007  00000-0  91834-5 0  9991
2 31118  97.8978 309.7455 0016383 118.5245 241.7613 14.69184520733674
PISAT                   
1 41784U 16059B   20358.12666184  .00000133  00000-0  34323-4 0  9993
2 41784  97.9945  49.2431 0033246  79.4119 281.0826 14.63570990226507
FLYING LAPTOP           
1 42831U 17042G   20357.35279370  .00000751  00000-0  80717-4 0  9995
2 42831  97.4936 230.1805 0014768  24.8016 335.3886 14.91212394187293
SALSAT                  
1 46495U 20068K   20357.54896787  .00000430  00000-0  36211-4 0  9999
2 46495  97.6796 290.2810 0015521 315.8129  44.1854 15.03306130 12752
