PROBA-1                 
1 26958U 01049B   20358.12857110 -.00000248  00000-0 -15710-4 0  9991
2 26958  97.7465 310.3300 0072763 351.6178   8.3831 14.95598211 43551
BIRD 2                  
1 26959U 01049C   20357.39278314  .00002627  00000-0  71941-4 0  9992
2 26959  97.8222  43.4698 0008954 139.3526 220.8388 15.38321558369754
CUTE-1 (CO-55)          
1 27844U 03031E   20357.47914787  .00000060  00000-0  46665-4 0  9993
2 27844  98.6818   2.3726 0009087 227.1582 132.8833 14.22277153906825
CUBESAT XI-IV (CO-57)   
1 27848U 03031J   20357.49032877  .00000046  00000-0  40879-4 0  9995
2 27848  98.6879   2.9512 0008832 241.1069 118.9223 14.21858739906662
GENESIS 1               
1 29252U 06029A   20357.46790098  .00000750  00000-0  46147-4 0  9995
2 29252  64.5232  46.5482 0020918 354.0250   6.0621 15.18385392796644
FALCONSAT-3             
1 30776U 07006E   20357.76420201  .00006524  00000-0  16518-3 0  9996
2 30776  35.4331 154.3282 0001562  82.4931 277.5974 15.39108276765854
GENESIS 2               
1 31789U 07028A   20357.72702842  .00001133  00000-0  65859-4 0  9999
2 31789  64.5042  87.6827 0031761 223.3190 136.5435 15.17515066743735
APRIZESAT 4             
1 35684U 09041D   20357.48287717  .00000130  00000-0  25039-4 0  9998
2 35684  98.2946 341.9446 0045887 290.4001  69.2284 14.79322854614934
APRIZESAT 3             
1 35686U 09041F   20358.16273706  .00000186  00000-0  26272-4 0  9990
2 35686  98.1597  60.6789 0073476 152.3475 208.1678 14.87449800618180
PROBA-2                 
1 36037U 09059B   20357.46841593  .00000021  00000-0  15748-4 0  9991
2 36037  98.2213 183.3362 0012994 344.9108  15.1699 14.53119927590542
APRIZESAT 5             
1 37792U 11044E   20358.15886846  .00000108  00000-0  24083-4 0  9992
2 37792  98.3936 204.2888 0056937 287.3766  72.1220 14.75441001503312
APRIZESAT 6             
1 37793U 11044F   20357.49440852  .00000091  00000-0  23051-4 0  9997
2 37793  98.4273 178.9870 0046239 330.4388  87.7579 14.72497809502109
TET-1                   
1 38710U 12039D   20357.39871068  .00006801  00000-0  11203-3 0  9998
2 38710  97.5817  35.3556 0001400 162.7151 197.4149 15.52683136473035
PROBA-V                 
1 39159U 13021A   20358.16120991 -.00000030  00000-0  51222-5 0  9992
2 39159  98.4368  48.0748 0003393 220.1880 139.9049 14.22994212396343
STPSAT-3                
1 39380U 13064A   20358.17347390  .00001802  00000-0  52922-4 0  9994
2 39380  40.5013  37.9206 0003737 279.2720  80.7672 15.38115998397496
APRIZESAT 7             
1 39416U 13066A   20357.56414808  .00000185  00000-0  28040-4 0  9994
2 39416  97.5302 355.7644 0040741 346.0621  13.9466 14.84019343383698
APRIZESAT 8             
1 39425U 13066K   20357.51696514  .00000169  00000-0  27673-4 0  9998
2 39425  97.5665 346.1726 0052350  18.3768 341.9321 14.81229345383006
BUGSAT-1 (TITA)         
1 40014U 14033E   20358.20683790  .00000777  00000-0  75018-4 0  9999
2 40014  98.0894 325.7517 0032445  30.0653 330.2423 14.95593281355225
SAUDISAT 4              
1 40016U 14033G   20357.48832982  .00000069  00000-0  17076-4 0  9993
2 40016  97.6844 209.9281 0049759  97.8397 262.8466 14.75320995350488
APRIZESAT 9             
1 40018U 14033J   20358.08992428  .00000082  00000-0  20851-4 0  9994
2 40018  97.6962 187.7538 0072085 150.8822 209.6434 14.70016549349248
APRIZESAT 10            
1 40019U 14033K   20358.04854905  .00000094  00000-0  24169-4 0  9997
2 40019  97.7227 177.0697 0084099 184.0816 175.9713 14.67073850348598
TDS 1                   
1 40076U 14037H   20357.47899348  .00000440  00000-0  59256-4 0  9990
2 40076  98.4455 188.5581 0007479  27.1778 332.9825 14.84606213349271
TIANTUO 2               
1 40144U 14053B   20358.09568374  .00001025  00000-0  32295-4 0  9999
2 40144  97.2378  77.7052 0011451 357.6424 120.1715 15.35145020351992
TECHNOSAT               
1 42829U 17042E   20358.18253755  .00000279  00000-0  33383-4 0  9995
2 42829  97.4926 230.7924 0014763  21.5386 338.6451 14.91189349187417
FLYING LAPTOP           
1 42831U 17042G   20357.35279370  .00000751  00000-0  80717-4 0  9995
2 42831  97.4936 230.1805 0014768  24.8016 335.3886 14.91212394187293
HAWK-A                  
1 43765U 18099H   20357.46044304  .00000360  00000-0  37030-4 0  9990
2 43765  97.6833  66.4368 0013806 289.0407  70.9312 14.96193221112086
HAWK-B                  
1 43794U 18099AN  20358.19650050  .00000318  00000-0  33299-4 0  9990
2 43794  97.6842  67.1598 0013709 286.2070  73.7642 14.96192798112184
HAWK-C                  
1 43799U 18099AT  20357.79501797  .00000280  00000-0  29904-4 0  9999
2 43799  97.6843  66.6827 0013625 287.5293  72.4439 14.96193174112120
SALSAT                  
1 46495U 20068K   20357.54896787  .00000430  00000-0  36211-4 0  9999
2 46495  97.6796 290.2810 0015521 315.8129  44.1854 15.03306130 12752
