TDRS 3                  
1 19548U 88091B   20358.05054347 -.00000296  00000-0  00000+0 0  9996
2 19548  14.0724 355.7718 0039021 318.9420 106.5719  1.00278975105290
FLTSATCOM 8 (USA 46)    
1 20253U 89077A   20358.06943497 -.00000075  00000-0  00000+0 0  9995
2 20253  12.9963   4.0719 0001125 296.2974 248.6412  1.00270792240521
SKYNET 4C               
1 20776U 90079A   20357.17479956  .00000127  00000-0  00000-0 0  9992
2 20776  13.9367   4.3375 0002891 260.7124 282.3571  1.00275056110801
TDRS 5                  
1 21639U 91054B   20357.48826819  .00000086  00000-0  00000-0 0  9997
2 21639  14.2511   9.0806 0023477 356.3751  94.0583  1.00269582107632
TDRS 6                  
1 22314U 93003B   20357.43477894 -.00000293  00000-0  00000-0 0  9995
2 22314  14.0727  12.2511 0004833  79.1626 110.4867  1.00279940102323
UFO 2 (USA 95)          
1 22787U 93056A   20357.20466067  .00000129  00000-0  00000-0 0  9999
2 22787  11.3333  14.2175 0008805 253.4340 286.0090  1.00272103 98451
USA 99 (MILSTAR-1 1)    
1 22988U 94009A   20357.60658969 -.00000192  00000-0  00000+0 0  9999
2 22988  14.4619  48.9661 0001528 229.6032 301.4220  1.00271897 11560
ASTRA 1D                
1 23331U 94070A   20357.49024325 -.00000264  00000-0  00000-0 0  9991
2 23331   9.3637  41.0993 0003558 230.2423 283.6129  1.00275471 96200
USA 107 (DSP 17)        
1 23435U 94084A   20357.44775198 -.00000165  00000-0  00000-0 0  9997
2 23435  14.5744  10.2741 0000813 102.8201  43.0960  1.00272561 12879
UFO 4 (USA 108)         
1 23467U 95003A   20357.37913433 -.00000021  00000-0  00000-0 0  9993
2 23467   9.8429  20.0530 0000433  62.8448 317.1469  1.00269379 94874
AMSC 1                  
1 23553U 95019A   20358.16382069 -.00000093  00000-0  00000+0 0  9997
2 23553  11.4430  29.8721 0005936 300.8681  73.9198  1.00271785 94091
TDRS 7                  
1 23613U 95035B   20357.82741130 -.00000199  00000-0  00000+0 0  9999
2 23613  14.1536   2.9296 0026087  30.0750  81.4719  1.00276161 93076
USA 113                 
1 23628U 95038A   20358.03382653 -.00000334  00000-0  00000+0 0  9994
2 23628  11.6058  28.7199 0002025 230.3678 308.8043  1.00278376 11538
USA 115 (MILSTAR-1 2)   
1 23712U 95060A   20358.15538867 -.00000014  00000-0  00000+0 0  9991
2 23712  13.2995  18.4243 0002902 247.0799 122.5910  1.00271554 11578
INMARSAT 3-F1           
1 23839U 96020A   20357.44704521 -.00000331  00000-0  00000-0 0  9994
2 23839   6.4448  61.3167 0004429 208.6039 118.6822  0.99999947 90220
INMARSAT 3-F2           
1 24307U 96053A   20357.09925359  .00000046  00000-0  00000-0 0  9998
2 24307   5.3129  70.7479 0003412 230.5389 198.9084  0.99998768 88899
AMC-1 (GE-1)            
1 24315U 96054A   20357.74189289  .00000073  00000-0  00000+0 0  9993
2 24315   4.3630  77.4090 0003240 187.5549 322.9510  1.00272396 88949
INMARSAT 3-F3           
1 24674U 96070A   20357.52281838  .00000040  00000-0  00000-0 0  9993
2 24674   5.9915  65.1538 0005341 211.4568 181.2207  1.00273864 87885
INTELSAT 26 (IS-26)     
1 24732U 97007A   20357.70891763  .00000009  00000-0  00000+0 0  9997
2 24732   9.3044  41.8870 0002822 257.1489 111.5270  1.00271652 87206
USA 130 (DSP 18)        
1 24737U 97008A   20357.26715399  .00000031  00000-0  00000-0 0  9990
2 24737  13.6578  18.2116 0000218  10.0461 167.1082  1.00283091 12818
GALAXY 25 (G-25)        
1 24812U 97026A   20358.06167095  .00000165  00000-0  00000+0 0  9994
2 24812   2.3713  88.8034 0003860 193.0538 225.2590  1.00272865 86293
INTELSAT 5 (IS-5)       
1 24916U 97046A   20357.66600097  .00000096  00000-0  00000+0 0  9993
2 24916   6.0944  64.4999 0003977 195.9551 293.9778  1.00269554 85537
AMC-3 (GE-3)            
1 24936U 97050A   20357.75366977 -.00000252  00000-0  00000+0 0  9991
2 24936   3.2449  84.2412 0003360 197.9830   8.8489  1.00272693 85367
NSS-5                   
1 24957U 97053A   20357.77809587  .00000112  00000-0  00000+0 0  9992
2 24957   6.3456  62.7309 0003928 198.4576 161.2042  1.00268626 85169
USA 134                 
1 25019U 97065A   20358.16029333 -.00000057  00000-0  00000+0 0  9991
2 25019  10.4357  34.8767 0005582 284.8900  78.0920  1.00277164 11539
ASTRA 1G                
1 25071U 97076A   20353.75882796  .00000015  00000-0  00000-0 0  9995
2 25071   5.0219  72.0988 0003549 197.1006 155.0142  1.00271515 84432
INMARSAT 3-F5           
1 25153U 98006B   20357.30383472 -.00000283  00000-0  00000-0 0  9990
2 25153   5.2147  69.2367 0005209 202.2749 235.1692  1.00271615 83813
UFO 8 (USA 138)         
1 25258U 98016A   20357.46418868 -.00000021  00000-0  00000-0 0  9992
2 25258   8.8593  32.0436 0003611 241.3441 156.8433  1.00269814 83771
ASTRA 2A                
1 25462U 98050A   20358.17555414  .00000160  00000-0  00000+0 0  9997
2 25462   2.0769  91.2146 0002300 173.9703 278.1402  1.00273728 81668
JCSAT-4A                
1 25630U 99006A   20357.76864406 -.00000302  00000-0  00000+0 0  9993
2 25630   5.0157  72.7910 0012683 191.7735 239.9024  1.00270525 79923
SKYNET 4E               
1 25639U 99009B   20358.12194353 -.00000029  00000-0  00000+0 0  9999
2 25639  10.9745  19.9340 0002820 260.6467 214.1441  1.00273063 79940
ASIASAT 3S              
1 25657U 99013A   20357.84880027 -.00000218  00000-0  00000+0 0  9992
2 25657   5.2013  71.2792 0001993 207.3730 266.2695  1.00271829 79743
NIMIQ 1                 
1 25740U 99027A   20357.46360970 -.00000190  00000-0  00000-0 0  9998
2 25740   1.5459  92.4855 0005045 178.8587 260.4697  1.00273259 78979
ABS-7                   
1 25894U 99046A   20358.10698037 -.00000063  00000-0  00000+0 0  9997
2 25894   1.4262  93.1439 0005428 183.4306 291.0004  1.00128067 77069
ABS-6                   
1 25924U 99053A   20357.53787196 -.00000110  00000-0  00000-0 0  9994
2 25924   0.0276 332.9196 0002363 284.4895 186.7913  1.00272561 77795
AMC-4 (GE-4)            
1 25954U 99060A   20357.41624168  .00000096  00000-0  00000-0 0  9993
2 25954   0.1822  97.4392 0002730 177.1772 191.7595  1.00273046 23474
UFO 10 (USA 146)        
1 25967U 99063A   20357.40463810 -.00000179  00000-0  00000-0 0  9997
2 25967   8.0763  35.1054 0002625 248.0952 291.4588  1.00272928 77268
GALAXY 11 (G-11)        
1 26038U 99071A   20358.17136635 -.00000152  00000-0  00000+0 0  9993
2 26038   1.6780  94.9725 0000399 346.1472 339.6523  1.00271701 77001
USA 148                 
1 26052U 00001A   20357.46987340  .00000044  00000-0  00000-0 0  9992
2 26052   8.6989  45.5624 0001211 254.7457 140.4580  1.00273457 12882
ASIASTAR                
1 26107U 00016A   20357.28652041 -.00000328  00000-0  00000-0 0  9992
2 26107   4.4371  75.9581 0004275 188.0680  35.4387  1.00273064 75848
USA 149 (DSP 20)        
1 26356U 00024A   20357.35482840  .00000100  00000-0  00000-0 0  9990
2 26356  11.6854  25.1262 0000307 357.7194  30.5027  1.00278971 12839
EUTELSAT 80A            
1 26369U 00028A   20357.77765969  .00000129  00000-0  00000+0 0  9990
2 26369   3.8240  79.8386 0004600 189.0044 151.1136  1.00271788 75398
TDRS 8                  
1 26388U 00034A   20358.07292441 -.00000226  00000-0  00000+0 0  9991
2 26388   9.5228  46.2534 0017663 316.1070 205.1876  1.00266728 75092
INTELSAT 9 (IS-9)       
1 26451U 00043A   20357.46597692 -.00000281  00000-0  00000-0 0  9992
2 26451   6.0828  64.6994 0003103 202.3064 302.2372  1.00271507 24060
BRASILSAT B4            
1 26469U 00046A   20358.17205174 -.00000162  00000-0  00000+0 0  9991
2 26469   4.4099  77.1225 0003292 196.4026 148.6391  1.00272130 74552
ASTRA 2B                
1 26494U 00054A   20357.98725856  .00000126  00000-0  00000+0 0  9999
2 26494   4.9322  72.6849 0005070 197.6738 196.6485  1.00275109 74168
NSS-11 (AAP-1)          
1 26554U 00059A   20357.73133731  .00000035  00000-0  00000+0 0  9998
2 26554   0.0164 337.0501 0002802 300.6316 253.3203  1.00271875 74094
USA 153                 
1 26575U 00065A   20357.40667944 -.00000319  00000-0  00000-0 0  9997
2 26575   8.2014  48.8570 0001712 243.2984  80.0907  1.00275417 12843
AMC-6 (GE-6)            
1 26580U 00067A   20357.66852733  .00000114  00000-0  00000+0 0  9996
2 26580   0.0131  13.3673 0002758 257.7284 282.2447  1.00270707 73900
INTELSAT 12 (IS-12)     
1 26590U 00068A   20358.13974726  .00000023  00000-0  00000+0 0  9997
2 26590   3.3752  84.5843 0003787 182.8487 299.2442  1.00271152 73729
INTELSAT 1R (IS-1R)     
1 26608U 00072A   20358.03521550 -.00000128  00000-0  00000+0 0  9991
2 26608   3.1254  84.7478 0000250 266.4598 270.6085  1.00271509 73579
ANIK F1                 
1 26624U 00076A   20357.67480833 -.00000065  00000-0  00000+0 0  9990
2 26624   0.0976 104.8713 0001762 356.5934 125.8622  1.00272527 73641
ASTRA 2D                
1 26638U 00081A   20358.04532175  .00000070  00000-0  00000+0 0  9995
2 26638   6.1720  63.6686 0002005 212.6012 249.3551  1.00274827 73313
AMC-8 (GE-8)            
1 26639U 00081B   20358.15189701  .00000099  00000-0  00000+0 0  9992
2 26639   1.1125  94.0653 0002780 183.3292  94.4445  1.00271440 73201
USA 157 (MILSTAR-2 2)   
1 26715U 01009A   20357.70359456  .00000003  00000-0  00000+0 0  9999
2 26715   9.5042  29.6772 0003874 252.7941 234.3705  1.00399215 11565
EUTELSAT 133 WEST A     
1 26719U 01011A   20357.66974862  .00000086  00000-0  00000+0 0  9996
2 26719   2.4074  87.4838 0005244 182.1048 290.3522  1.00274344 72491
INTELSAT 10 (IS-10)     
1 26766U 01019A   20357.77739799  .00000132  00000-0  00000+0 0  9998
2 26766   4.3197  77.6608 0003742 192.6203 148.8591  1.00273082 71856
INTELSAT 901 (IS-901)   
1 26824U 01024A   20358.12923162 -.00000191  00000-0  00000+0 0  9994
2 26824   0.0164 325.1190 0000998 304.7973 201.2406  1.00270923 71518
ASTRA 2C                
1 26853U 01025A   20357.77277448  .00000145  00000-0  00000+0 0  9994
2 26853   3.2704  84.0131 0002623 175.1838 134.4601  1.00270482 71501
USA 159 (DSP 21)        
1 26880U 01033A   20357.34913056 -.00000294  00000-0  00000-0 0  9995
2 26880  10.9394  29.1510 0001073 290.0105 208.4475  1.00263762 12884
INTELSAT 902 (IS-902)   
1 26900U 01039A   20358.14247956 -.00000271  00000-0  00000+0 0  9996
2 26900   1.0710  94.7717 0003043 187.3737 171.1886  1.00272363 70697
USA 164 (MILSTAR-2 3)   
1 27168U 02001A   20357.77181487  .00000106  00000-0  00000+0 0  9993
2 27168   8.9558  31.1724 0002445 253.1842 104.2143  1.00270701 11576
ECHOSTAR 7              
1 27378U 02006A   20357.44131736  .00000009  00000-0  00000-0 0  9990
2 27378   0.0174  13.1900 0001938 224.6965 253.6356  1.00269743 30522
INTELSAT 904 (IS-904)   
1 27380U 02007A   20358.13133714 -.00000203  00000-0  00000+0 0  9995
2 27380   1.9096  91.4789 0003356 185.1974 193.2299  1.00271866 69019
TDRS 9                  
1 27389U 02011A   20357.37942260 -.00000282  00000-0  00000-0 0  9996
2 27389   7.8814  65.7191 0026771 275.9972 184.0782  1.00272699 70364
JCSAT-2A                
1 27399U 02015A   20357.94023833 -.00000244  00000-0  00000+0 0  9997
2 27399   3.3461  83.7789 0002112  37.3253  92.9702  1.00276676 68547
ASTRA 3A                
1 27400U 02015B   20357.43387696 -.00000197  00000-0  00000-0 0  9992
2 27400   6.2933  62.4677 0001590 207.6721 250.6857  1.00274739 68640
NSS-7                   
1 27414U 02019A   20357.62046022 -.00000150  00000-0  00000+0 0  9995
2 27414   4.6575  75.4362 0002463 207.6354  11.9122  1.00271659 68478
DIRECTV 5 (TEMPO 1)     
1 27426U 02023A   20357.44334944 -.00000047  00000-0  00000-0 0  9992
2 27426   0.0176  19.6849 0003224 258.7487 222.4992  1.00273009 68169
INTELSAT 905 (IS-905)   
1 27438U 02027A   20358.12832878 -.00000174  00000-0  00000+0 0  9994
2 27438   1.7305  92.3230 0002677 177.8988 203.6097  1.00270996 67892
GALAXY 3C (G-3C)        
1 27445U 02030A   20357.35993774 -.00000142  00000-0  00000-0 0  9999
2 27445   0.0195 316.1982 0001782   4.4094 165.2935  1.00268997 26425
EUTELSAT 5 WEST A       
1 27460U 02035A   20358.06291354 -.00000031  00000-0  00000+0 0  9991
2 27460   1.0089  95.0904 0006068 179.4530 195.1562  1.00272213 67678
METEOSAT-8 (MSG-1)      
1 27509U 02040B   20357.30604823  .00000142  00000-0  00000-0 0  9999
2 27509   7.0578  53.2985 0001132 170.5533  19.1339  1.00266561 67179
INTELSAT 906 (IS-906)   
1 27513U 02041A   20357.50651245  .00000023  00000-0  00000-0 0  9995
2 27513   0.7341  96.9483 0003366 185.9302  55.1264  1.00271622 66949
HISPASAT 30W-4          
1 27528U 02044A   20357.73945028  .00000127  00000-0  00000+0 0  9998
2 27528   1.5241  92.1934 0004130 185.4147 297.2976  1.00272925 66861
TDRS 10                 
1 27566U 02055A   20358.18417094  .00000097  00000-0  00000+0 0  9995
2 27566   7.2351  52.7426 0008801 274.1391  20.3831  1.00271390 66154
NSS-6                   
1 27603U 02057A   20357.73421611  .00000118  00000-0  00000+0 0  9993
2 27603   0.2717  97.8455 0004151 171.1550 277.5339  1.00273366 65955
NIMIQ 2                 
1 27632U 02062A   20357.36274087 -.00000170  00000-0  00000-0 0  9993
2 27632   4.7708  74.6185 0005350 277.2542 138.9960  1.00271082 24105
USA 167                 
1 27691U 03008A   20357.48457979  .00000061  00000-0  00000-0 0  9993
2 27691   7.0002  57.8465 0001601 340.7660  97.1861  1.00273447 12873
USA 169 (MILSTAR-2 4)   
1 27711U 03012A   20357.53352667 -.00000190  00000-0  00000+0 0  9998
2 27711   9.3282  43.6461 0003054 224.8198 167.2809  1.00271733 11564
GALAXY 12 (G-12)        
1 27715U 03013B   20357.50530333  .00000067  00000-0  00000-0 0  9991
2 27715   1.9438  90.8968 0001864 182.3701 231.1550  1.00273062 32014
ASIASAT 4               
1 27718U 03014A   20357.36994131  .00000162  00000-0  00000-0 0  9995
2 27718   0.0165 300.6728 0001736 357.9507 324.1184  1.00271902 25213
HELLAS-SAT 2            
1 27811U 03020A   20358.17053851 -.00000140  00000-0  00000+0 0  9997
2 27811   2.3642  90.2414 0002943 190.6942 137.4241  1.00270877 64269
THURAYA-2               
1 27825U 03026A   20357.27430736  .00000133  00000-0  00000-0 0  9991
2 27825   6.1124  33.4814 0004874 236.6655 323.8856  1.00270190 64262
OPTUS C1                
1 27831U 03028B   20357.45204759 -.00000142  00000-0  00000-0 0  9995
2 27831   1.8696  92.3058 0005868 173.7633 143.8593  1.00271961 32978
GALAXY 23 (G-23)        
1 27854U 03034A   20358.15524069  .00000024  00000-0  00000+0 0  9991
2 27854   0.0435 277.5535 0003104 356.8887 112.6118  1.00271109 68473
USA 170                 
1 27875U 03040A   20358.09007664 -.00000264  00000-0  00000+0 0  9998
2 27875   6.2672  63.3124 0001888 178.9417 199.7489  1.00278609 11557
GALAXY 13 (HORIZONS 1)  
1 27954U 03044A   20358.02982979  .00000060  00000-0  00000+0 0  9997
2 27954   0.0241 323.5985 0002647 222.1575 149.9596  1.00266418 63071
YAMAL 202               
1 28089U 03053A   20357.62234743 -.00000070  00000-0  00000-0 0  9994
2 28089   1.3008  93.5277 0002764 155.7496 229.8446  1.00271314 62608
UFO 11 (USA 174)        
1 28117U 03057A   20357.13691050 -.00000096  00000-0  00000-0 0  9992
2 28117   6.2762  37.6700 0003315 289.1361 249.0175  1.00271185 62369
USA 176 (DSP 22)        
1 28158U 04004A   20358.07257546 -.00000211  00000-0  00000+0 0  9990
2 28158   9.4013  38.2190 0000978 252.6524 274.6308  1.00269454 11537
ABS-4 (MOBISAT-1)       
1 28184U 04007A   20357.51033410  .00000048  00000-0  00000-0 0  9990
2 28184   0.9831  94.8594 0005440 176.5761  64.8462  1.00275207 32257
EUTELSAT 7A             
1 28187U 04008A   20358.13200477 -.00000267  00000-0  00000+0 0  9995
2 28187   0.7793  91.0012 0005905 170.1894 192.7366  0.99854497 61507
DIRECTV 7S              
1 28238U 04016A   20357.51147421  .00000010  00000-0  00000-0 0  9997
2 28238   0.0149  50.1497 0002466 295.2506 171.1733  1.00273160 60988
AMC-11 (GE-11)          
1 28252U 04017A   20358.13481507  .00000080  00000-0  00000+0 0  9995
2 28252   0.0153  17.9751 0002811 257.4483  94.2469  1.00271074 60625
INTELSAT 10-02          
1 28358U 04022A   20357.40882543 -.00000002  00000-0  00000-0 0  9998
2 28358   0.0267 271.3232 0002666   5.2280 321.0729  1.00271215 60526
ANIK F2                 
1 28378U 04027A   20358.16115391 -.00000038  00000-0  00000+0 0  9997
2 28378   0.0146 316.4455 0000084 317.2311 125.4298  1.00272036 60287
AMC-15                  
1 28446U 04041A   20358.16440590 -.00000077  00000-0  00000+0 0  9994
2 28446   0.0254  44.3864 0002933 222.4638 139.4434  1.00271659 59272
AMC-16                  
1 28472U 04048A   20357.60746205 -.00000197  00000-0  00000+0 0  9993
2 28472   0.0189 331.2247 0002753 294.0488 320.0251  1.00270509 58737
NSS-10 (AMC-12)         
1 28526U 05003A   20357.76056141 -.00000241  00000-0  00000+0 0  9995
2 28526   1.4662  92.8063 0003075 166.3639  68.9403  1.00272636 58247
XTAR-EUR                
1 28542U 05005A   20357.66473888  .00000161  00000-0  00000+0 0  9995
2 28542   0.0164  30.1069 0002101 241.7440  88.1245  1.00271043 58109
XM-3 (RHYTHM)           
1 28626U 05008A   20358.04076937 -.00000195  00000-0  00000+0 0  9996
2 28626   0.0198  16.4079 0000170 178.3237 186.8759  1.00271193 57998
INMARSAT 4-F1           
1 28628U 05009A   20357.72488184 -.00000252  00000-0  00000+0 0  9998
2 28628   3.2695  29.1250 0002728 241.4534 225.5981  1.00272200 57585
APSTAR 6                
1 28638U 05012A   20358.10758312 -.00000005  00000-0  00000+0 0  9995
2 28638   2.2614  91.9053 0010539 237.5693 201.1079  0.98571002 82332
DIRECTV 8               
1 28659U 05019A   20357.51147490  .00000011  00000-0  00000-0 0  9995
2 28659   0.0144 297.5549 0002934 334.2697 244.7739  1.00271257 57041
GALAXY 28 (G-28)        
1 28702U 05022A   20358.20209315 -.00000174  00000-0  00000+0 0  9990
2 28702   0.0142  79.9166 0001607 235.3939 120.6459  1.00272305 56754
EXPRESS-AM3             
1 28707U 05023A   20357.88980292  .00000001  00000-0  00000+0 0  9997
2 28707   2.2726  88.2212 0001831 236.6539 163.8680  0.99818915 56761
THAICOM 4               
1 28786U 05028A   20357.43298983 -.00000354  00000-0  00000-0 0  9992
2 28786   0.0177   1.1261 0002626 264.6923 101.0047  1.00270153 32183
GALAXY 14 (G-14)        
1 28790U 05030A   20357.50790867  .00000046  00000-0  00000-0 0  9993
2 28790   0.0337 310.9284 0002505 316.5862 241.8461  1.00271166 56237
ANIK F1R                
1 28868U 05036A   20357.67480833 -.00000064  00000-0  00000+0 0  9992
2 28868   0.0183  37.7181 0001525 279.8933 269.6898  1.00271815 56078
GALAXY 15 (G-15)        
1 28884U 05041A   20358.20852632  .00000090  00000-0  00000+0 0  9994
2 28884   0.0206 306.8830 0001740 323.9376 123.4564  1.00273195 55556
SYRACUSE 3A             
1 28885U 05041B   20358.13625781  .00000141  00000-0  00000+0 0  9997
2 28885   0.0410 306.2224 0003007 321.6184 280.3056  1.00269646 55651
INMARSAT 4-F2           
1 28899U 05044A   20357.78080019  .00000019  00000-0  00000+0 0  9998
2 28899   3.1314  31.8239 0002846 239.9445 165.0003  1.00272146 55426
TELKOM 2                
1 28902U 05046A   20357.45315862 -.00000129  00000-0  00000-0 0  9990
2 28902   0.0264  81.5174 0001463 320.3233   9.7726  1.00271222 55357
SPACEWAY 2              
1 28903U 05046B   20357.49749139  .00000113  00000-0  00000-0 0  9995
2 28903   0.6329  92.8742 0000248 240.8024 158.0201  1.00272428 31265
METEOSAT-9 (MSG-2)      
1 28912U 05049B   20357.43452174  .00000024  00000-0  00000-0 0  9993
2 28912   4.8283  69.3186 0000962 230.3892 311.6007  1.00267329 54957
EUTELSAT 174A           
1 28924U 05052A   20357.73090113  .00000020  00000-0  00000+0 0  9999
2 28924   0.0612 358.1315 0006085 271.5957 259.1308  1.00273406 54906
ECHOSTAR 10             
1 28935U 06003A   20357.67428491 -.00000046  00000-0  00000+0 0  9994
2 28935   0.0129  14.2752 0001417 231.4513 338.5118  1.00273478 54431
SPAINSAT                
1 28945U 06007A   20356.83078555 -.00000210  00000-0  00000+0 0  9991
2 28945   0.0536 256.5807 0006104   2.0972 101.2512  1.00270328 54147
EUTELSAT HOT BIRD 13E   
1 28946U 06007B   20357.43452174  .00000096  00000-0  00000-0 0  9994
2 28946   0.0706 130.7495 0005315 114.7287  15.3809  1.00272958 54220
JCSAT-5A                
1 29045U 06010A   20358.00967825 -.00000317  00000-0  00000+0 0  9993
2 29045   0.0161 281.0562 0001627 344.4639 322.0318  1.00271295 53861
ASTRA 1KR               
1 29055U 06012A   20357.26933490  .00000128  00000-0  00000-0 0  9994
2 29055   0.0378 273.1437 0005079 337.3063 316.9674  1.00272260 25647
EWS-G1 (GOES 13)        
1 29155U 06018A   20357.24058668  .00000046  00000-0  00000-0 0  9993
2 29155   0.2999 106.8499 0007527 124.5140   7.8907  1.00272267 23281
EUTELSAT 113 WEST A     
1 29162U 06020A   20357.60196617 -.00000028  00000-0  00000+0 0  9991
2 29162   0.0217 228.7383 0002994  47.4529 279.1400  1.00272043 53381
GALAXY 16 (G-16)        
1 29236U 06023A   20357.67637856 -.00000117  00000-0  00000+0 0  9997
2 29236   0.0120 309.1822 0002621 323.1675 323.8187  1.00271672 53185
EUTELSAT HOT BIRD 13B   
1 29270U 06032A   20357.41090920  .00000095  00000-0  00000-0 0  9997
2 29270   0.0729  46.5122 0004793 247.1159 318.6987  1.00272034 27226
JCSAT-3A                
1 29272U 06033A   20357.43464733 -.00000336  00000-0  00000-0 0  9998
2 29272   0.0181  50.6915 0002545 225.5704  99.6571  1.00272898 27655
SYRACUSE 3B             
1 29273U 06033B   20357.40804031 -.00000035  00000-0  00000-0 0  9991
2 29273   0.0183  83.6375 0003985 181.9801 327.4919  1.00271101 52625
KOREASAT 5 (MUGUNGWHA 5)
1 29349U 06034A   20357.35988597 -.00000350  00000-0  00000-0 0  9990
2 29349   0.0177 322.8710 0000736 288.9292  82.1878  1.00270306 21234
DIRECTV 9S              
1 29494U 06043A   20358.16673208 -.00000102  00000-0  00000+0 0  9995
2 29494   0.0296 239.6692 0002665  26.4628 144.8506  1.00276180 52034
OPTUS D1                
1 29495U 06043B   20357.72810957 -.00000101  00000-0  00000+0 0  9990
2 29495   0.0382 281.1021 0003260 346.4114 246.3416  1.00269391 52063
XM-4 (BLUES)            
1 29520U 06049A   20357.68024576 -.00000013  00000-0  00000+0 0  9996
2 29520   0.0130  25.3069 0000191 256.3293 299.6540  1.00270986 51914
BADR-4                  
1 29526U 06051A   20357.77321066  .00000155  00000-0  00000+0 0  9995
2 29526   0.0599 325.2769 0006159 326.6592 104.2016  1.00275302 51816
WILDBLUE-1              
1 29643U 06054A   20358.16107958 -.00000038  00000-0  00000+0 0  9995
2 29643   0.0176  31.2608 0001667 242.3772 125.3250  1.00272049 51477
AMC-18                  
1 29644U 06054B   20358.17758235 -.00000204  00000-0  00000+0 0  9992
2 29644   0.0185 316.2560 0002301 307.7824 169.0592  1.00273534 51486
MEASAT-3                
1 29648U 06056A   20358.07336059 -.00000230  00000-0  00000+0 0  9992
2 29648   0.0434 164.0531 0001436  58.6081 347.3167  1.00269044 51489
INSAT-4B                
1 30793U 07007A   20358.07213928 -.00000178  00000-0  00000+0 0  9992
2 30793   0.8948  95.5593 0007580 171.1159 296.8573  1.00272210 50486
SKYNET 5A               
1 30794U 07007B   20357.42810462 -.00000263  00000-0  00000-0 0  9993
2 30794   1.0138  91.1601 0003403 182.9884  66.6032  1.00270327 50613
ANIK F3                 
1 31102U 07009A   20357.51147470  .00000008  00000-0  00000-0 0  9997
2 31102   0.0183 357.7436 0001793 280.6643 238.5262  1.00271286 26480
ASTRA 1L                
1 31306U 07016A   20357.77181487  .00000130  00000-0  00000+0 0  9990
2 31306   0.0464 314.6802 0005013 330.3009 103.8229  1.00272325 49965
GALAXY 17 (G-17)        
1 31307U 07016B   20357.48926260 -.00000165  00000-0  00000-0 0  9995
2 31307   0.0092 356.4411 0003081 281.4735 258.7144  1.00270079 49856
ZHONGXING-6B            
1 31800U 07031A   20357.79100682 -.00000351  00000-0  00000+0 0  9992
2 31800   0.0146   6.4696 0004090 275.6893 209.9125  1.00270423 49391
DIRECTV 10              
1 31862U 07032A   20357.67576792 -.00000094  00000-0  00000+0 0  9991
2 31862   0.0242 171.1994 0000278  41.4768  19.4859  1.00272798 49329
SPACEWAY 3              
1 32018U 07036A   20357.96440272 -.00000141  00000-0  00000+0 0  9997
2 32018   0.0333 150.5772 0000326  37.7730 155.8387  1.00271483 49051
BSAT-3A                 
1 32019U 07036B   20357.80207538 -.00000340  00000-0  00000+0 0  9998
2 32019   0.0705 241.8233 0003876   7.4315 241.1523  1.00270575 48980
INSAT-4CR               
1 32050U 07037A   20358.11392536 -.00000157  00000-0  00000+0 0  9998
2 32050   1.7914  91.5038 0000957 310.8513  25.4939  0.99218819 48777
OPTUS D2                
1 32252U 07044A   20357.72653933 -.00000173  00000-0  00000+0 0  9995
2 32252   0.0344 281.9938 0003810 347.4566 235.8314  1.00272694 48362
INTELSAT 11 (IS-11)     
1 32253U 07044B   20358.11837440 -.00000258  00000-0  00000+0 0  9991
2 32253   0.0191  22.9243 0002098 274.3777 154.4204  1.00265710 48459
WGS F1 (USA 195)        
1 32258U 07046A   20358.05634955  .00000051  00000-0  00000+0 0  9997
2 32258   0.0170  69.2281 0000198  98.8325 310.2685  1.00267547 48246
STAR ONE C1             
1 32293U 07056A   20358.11392536 -.00000265  00000-0  00000+0 0  9998
2 32293   0.0087  25.0442 0002562 245.5788 157.5054  1.00271330 48036
SKYNET 5B               
1 32294U 07056B   20357.77303618  .00000152  00000-0  00000+0 0  9997
2 32294   0.2011  77.2078 0003758 199.9184 118.0271  1.00272417 48119
ASTRA 4A (SIRIUS 4)     
1 32299U 07057A   20357.69722800  .00000042  00000-0  00000+0 0  9990
2 32299   0.0127 353.0951 0002954 272.9085  81.5102  1.00270766 47889
HORIZONS 2              
1 32388U 07063B   20358.07205205 -.00000171  00000-0  00000+0 0  9998
2 32388   0.0116 324.4331 0002664 309.4213 288.9957  1.00271788 47805
THURAYA-3               
1 32404U 08001A   20357.42880250 -.00000295  00000-0  00000-0 0  9995
2 32404   3.7961  13.4746 0004924 249.9186  80.9095  1.00270850 47403
EXPRESS-AM33            
1 32478U 08003A   20357.42836632 -.00000272  00000-0  00000-0 0  9998
2 32478   0.0415 202.1235 0000470 200.3048 299.7099  1.00269660 47522
THOR 5                  
1 32487U 08006A   20358.05495377  .00000002  00000-0  00000+0 0  9997
2 32487   0.0104   4.2099 0002765 277.3693 189.5041  1.00269816 47105
AMC-14                  
1 32708U 08011A   20356.83837538  .00000078  00000-0  00000+0 0  9995
2 32708  21.2572  45.0298 0037856 356.1525   9.4701  1.00271305 48018
DIRECTV 11              
1 32729U 08013A   20357.60817779 -.00000117  00000-0  00000+0 0  9996
2 32729   0.0328 187.3838 0000261  20.6725   3.3230  1.00273460 46854
ICO G1                  
1 32763U 08016A   20358.17234025 -.00000162  00000-0  00000+0 0  9997
2 32763   3.6882  16.6157 0002082 257.7161 147.0383  1.00271602 46394
VINASAT-1               
1 32767U 08018A   20357.43543244 -.00000320  00000-0  00000-0 0  9994
2 32767   0.0167 324.8883 0001948 305.7223 109.5285  1.00270235 46517
STAR ONE C2             
1 32768U 08018B   20357.46692468 -.00000256  00000-0  00000-0 0  9999
2 32768   0.0409 138.4733 0001968  94.4984 316.5857  1.00274121 46599
TIANLIAN 1-01           
1 32779U 08019A   20358.04188083 -.00000130  00000-0  00000+0 0  9990
2 32779   4.5339  71.7543 0032508 257.5527 217.7700  1.00272090 46399
AMOS-3                  
1 32794U 08022A   20357.69539604 -.00000026  00000-0  00000+0 0  9994
2 32794   0.0167 281.5315 0002193 330.8813  85.4858  1.00271252 46375
GALAXY 18 (G-18)        
1 32951U 08024A   20357.50878064  .00000034  00000-0  00000-0 0  9996
2 32951   0.0128 308.2431 0003015 318.4110 245.0101  1.00273710 25800
CHINASAT 9 (ZX 9)       
1 33051U 08028A   20357.78638330 -.00000237  00000-0  00000+0 0  9997
2 33051   0.0221  86.8716 0004060 198.8319 181.3809  1.00270882 45933
SKYNET 5C               
1 33055U 08030A   20357.40551046 -.00000131  00000-0  00000-0 0  9995
2 33055   0.0610  11.7049 0003966 251.3299 316.5363  1.00272483 45870
TURKSAT 3A              
1 33056U 08030B   20357.31715935  .00000154  00000-0  00000-0 0  9999
2 33056   0.0624  88.1205 0002847 173.9945 345.3674  1.00270469 32279
INTELSAT 25 (IS-25)     
1 33153U 08034A   20357.76178272 -.00000214  00000-0  00000+0 0  9994
2 33153   0.0253 261.2140 0003024   4.2676  69.0261  1.00272415 45563
BADR-6                  
1 33154U 08034B   20357.77321066  .00000154  00000-0  00000+0 0  9999
2 33154   0.0660  50.3067 0002774 264.7178  81.0823  1.00271653 45675
ECHOSTAR 11             
1 33207U 08035A   20357.60248958 -.00000047  00000-0  00000+0 0  9991
2 33207   0.0183   4.0570 0002588 268.7497 285.6971  1.00270489 45571
SUPERBIRD-C2            
1 33274U 08038A   20357.72496907 -.00000242  00000-0  00000+0 0  9997
2 33274   0.0134   3.8385 0001934 275.3679 217.4469  1.00267666 45301
AMC-21                  
1 33275U 08038B   20358.03026596  .00000047  00000-0  00000+0 0  9998
2 33275   0.0129 348.9713 0002574 278.4719  70.5792  1.00273354 45391
INMARSAT 4-F3           
1 33278U 08039A   20357.67664028 -.00000132  00000-0  00000+0 0  9995
2 33278   3.1694  14.3223 0002911 256.9173 326.0340  1.00273432 45187
NIMIQ 4                 
1 33373U 08044A   20357.60807271 -.00000211  00000-0  00000+0 0  9997
2 33373   0.0379 312.2873 0002222 311.7252 324.5294  1.00273675 44755
GALAXY 19 (G-19)        
1 33376U 08045A   20358.16991341 -.00000128  00000-0  00000+0 0  9992
2 33376   0.0183  27.9794 0003054 245.8088 142.5453  1.00271270 44766
ASTRA 1M                
1 33436U 08057A   20357.34113021  .00000128  00000-0  00000-0 0  9992
2 33436   0.0422 111.5207 0002434 102.0259  19.7881  1.00270942 25655
CIEL-2                  
1 33453U 08063A   20357.50506663  .00000067  00000-0  00000-0 0  9996
2 33453   0.0285 265.4884 0003039   1.5945 237.3981  1.00273323 44069
EUTELSAT HOT BIRD 13C   
1 33459U 08065A   20357.43452174  .00000096  00000-0  00000-0 0  9995
2 33459   0.0805  85.1965 0001988 183.2986 352.3584  1.00271918 27262
EUTELSAT 48D            
1 33460U 08065B   20357.36438435  .00000132  00000-0  00000-0 0  9994
2 33460   0.1220 103.8130 0002423 160.3693   6.4590  1.00271291 43877
FENGYUN 2E              
1 33463U 08066A   20358.07240100 -.00000196  00000-0  00000+0 0  9997
2 33463   4.7360  67.9001 0003786 321.9526 174.9186  1.00279201 44013
EXPRESS-AM44            
1 33595U 09007A   20357.44546237 -.00000080  00000-0  00000-0 0  9992
2 33595   0.0412 188.6464 0000391  71.0518 341.1131  1.00271338 43473
NSS-9                   
1 33749U 09008A   20357.47118198  .00000081  00000-0  00000-0 0  9998
2 33749   0.0268 316.6687 0002192 309.5264 177.9794  1.00272949 43458
EUTELSAT 33E            
1 33750U 09008B   20358.06716163  .00000167  00000-0  00000+0 0  9996
2 33750   0.0524 356.7779 0003899 270.3038 242.2773  1.00268400 43529
TELSTAR 11N             
1 34111U 09009A   20358.11942123 -.00000239  00000-0  00000+0 0  9993
2 34111   0.0022  96.0806 0002605 161.4155 200.0787  1.00271700 43347
EUTELSAT 10A            
1 34710U 09016A   20357.43452174  .00000077  00000-0  00000-0 0  9992
2 34710   0.0655 356.9237 0005653 276.4691 344.4870  1.00274174 21179
WGS F2 (USA 204)        
1 34713U 09017A   20358.10369295  .00000084  00000-0  00000+0 0  9999
2 34713   0.0468 103.3193 0000337 257.4348 185.4369  1.00271413 42869
SES-7 (PROTOSTAR 2)     
1 34941U 09027A   20358.07618685 -.00000334  00000-0  00000+0 0  9998
2 34941   0.0118  12.4093 0002366 242.0769 333.2761  1.00272439 42536
MEASAT-3A               
1 35362U 09032A   20357.71450074 -.00000232  00000-0  00000+0 0  9995
2 35362   0.0449 193.5066 0003127  61.3341 185.6081  1.00272660 42154
GOES 14                 
1 35491U 09033A   20357.52236243 -.00000084  00000-0  00000-0 0  9994
2 35491   0.1487 254.8776 0013003 329.8730 310.5971  1.00272266 42033
SIRIUS FM-5             
1 35493U 09034A   20358.17598181 -.00000189  00000-0  00000+0 0  9996
2 35493   0.0145 328.7556 0000202  71.0585  29.5711  1.00270828 41909
TERRESTAR-1             
1 35496U 09035A   20358.16115399 -.00000046  00000-0  00000+0 0  9997
2 35496   2.6352  23.9396 0002805 252.3758 122.8555  1.00271255 42081
ASIASAT 5               
1 35696U 09042A   20357.78804080 -.00000298  00000-0  00000+0 0  9995
2 35696   0.0305 308.3162 0001877 280.4753 247.2278  1.00273517 41591
JCSAT-RA (JCSAT-12)     
1 35755U 09044A   20357.37676128 -.00000022  00000-0  00000-0 0  9994
2 35755   0.0330 135.0218 0001849 134.5072 126.3935  1.00273614 41522
OPTUS D3                
1 35756U 09044B   20357.45216822 -.00000138  00000-0  00000-0 0  9993
2 35756   0.0270  14.2870 0003498 270.8641 125.0964  1.00272301 41470
PALAPA D                
1 35812U 09046A   20356.43492138 -.00000353  00000-0  00000-0 0  9990
2 35812   0.6129  94.6858 0002716 223.2819  42.0079  1.00270650 41583
NIMIQ 5                 
1 35873U 09050A   20357.36889155 -.00000248  00000-0  00000-0 0  9997
2 35873   0.0424 284.4701 0003005 351.6981 235.3116  1.00272649 41271
AMAZONAS 2              
1 35942U 09054A   20358.11479772 -.00000271  00000-0  00000+0 0  9997
2 35942   0.0360 156.3397 0002435  72.4413 203.6674  1.00268560 41105
COMSATBW-1              
1 35943U 09054B   20357.43243969  .00000033  00000-0  00000-0 0  9995
2 35943   0.0510  57.6246 0002367 209.2939  43.1923  1.00270668 41214
NSS-12                  
1 36032U 09058A   20357.51033410  .00000080  00000-0  00000-0 0  9998
2 36032   0.0234 320.2352 0002800 310.7921  61.2113  1.00272044 40834
THOR 6                  
1 36033U 09058B   20358.05495377  .00000001  00000-0  00000+0 0  9995
2 36033   0.0369 157.4703 0001856 126.3379 187.1847  1.00271249 40896
INTELSAT 14 (IS-14)     
1 36097U 09064A   20358.09007664 -.00000262  00000-0  00000+0 0  9994
2 36097   0.0119 306.8482 0002746 331.3866 161.2904  1.00272036 40624
EUTELSAT 36B            
1 36101U 09065A   20358.07271877  .00000166  00000-0  00000+0 0  9990
2 36101   0.0652 359.0342 0005021 272.5126 242.6083  1.00274999 40735
INTELSAT 15 (IS-15)     
1 36106U 09067A   20358.07213928 -.00000174  00000-0  00000+0 0  9990
2 36106   0.0098 350.8691 0002235 279.3645 292.9554  1.00271009 40522
WGS F3 (USA 211)        
1 36108U 09068A   20357.44563598 -.00000087  00000-0  00000-0 0  9998
2 36108   0.0184   8.4667 0000593 190.9459  40.4706  1.00273052 26524
DIRECTV 12              
1 36131U 09075A   20358.16583354 -.00000091  00000-0  00000+0 0  9998
2 36131   0.0137 189.3742 0000288 103.8633 115.8976  1.00267636 40319
BEIDOU 3                
1 36287U 10001A   20357.43708993 -.00000273  00000-0  00000-0 0  9991
2 36287   1.6282  38.1866 0003943 119.8654 231.1757  1.00271861 40086
RADUGA-1M 2             
1 36358U 10002A   20358.14384736 -.00000172  00000-0  00000+0 0  9992
2 36358   0.0523 251.9286 0002908  45.5003 291.5017  1.00271856 39935
SDO                     
1 36395U 10005A   20357.63292927 -.00000052  00000-0  00000+0 0  9996
2 36395  30.6502 118.1442 0000395 216.7966 242.7975  1.00270641 39952
INTELSAT 16 (IS-16)     
1 36397U 10006A   20358.18149916 -.00000233  00000-0  00000+0 0  9990
2 36397   0.0172   5.1329 0002154 257.2856 178.9056  1.00272975 39660
GOES 15                 
1 36411U 10008A   20357.50506670  .00000064  00000-0  00000-0 0  9990
2 36411   0.3316  99.3483 0001577 334.5267  71.2023  1.00270948 39598
ECHOSTAR 14             
1 36499U 10010A   20357.51147521  .00000010  00000-0  00000-0 0  9997
2 36499   0.0190 340.3040 0002984 292.6281 243.8139  1.00271281 26482
SES-1                   
1 36516U 10016A   20357.60677542 -.00000105  00000-0  00000+0 0  9999
2 36516   0.0103 339.4856 0002438 289.7097 299.8557  1.00272031 39052
ASTRA 3B                
1 36581U 10021A   20357.77268723  .00000147  00000-0  00000+0 0  9997
2 36581   0.0302 354.8961 0002568 281.7961 116.7449  1.00269198 38572
COMSATBW-2              
1 36582U 10021B   20357.77068080  .00000098  00000-0  00000+0 0  9997
2 36582   0.0783  89.5747 0002131 184.1576 108.6397  1.00272211 38914
BADR-5                  
1 36592U 10025A   20357.77321066  .00000155  00000-0  00000+0 0  9992
2 36592   0.0374 117.2994 0002627  99.3271 179.4995  1.00270152 38825
COMS 1                  
1 36744U 10032A   20357.76844587 -.00000334  00000-0  00000+0 0  9996
2 36744   0.0420 139.7499 0000846 123.8706 232.9763  1.00271576 38573
ARABSAT-5A              
1 36745U 10032B   20357.77408302  .00000164  00000-0  00000+0 0  9999
2 36745   0.0720  48.7791 0000664 258.2959  93.9293  1.00274546 38553
ECHOSTAR 15             
1 36792U 10034A   20357.75576344 -.00000272  00000-0  00000+0 0  9994
2 36792   0.0206 295.8185 0002107 298.0914  68.2578  1.00269674 38314
BEIDOU 5                
1 36828U 10036A   20357.75935921 -.00000007  00000-0  00000+0 0  9992
2 36828  54.1654 181.2293 0100445 233.4548  68.7164  1.00257211 38139
NILESAT 201             
1 36830U 10037A   20358.06381639 -.00000047  00000-0  00000+0 0  9996
2 36830   0.0235 201.6600 0003465  70.1570 196.1985  1.00270586 38217
RASCOM-QAF 1R           
1 36831U 10037B   20357.69679182  .00000027  00000-0  00000+0 0  9995
2 36831   0.0401 306.4342 0005891 311.0640  87.9233  1.00268230 38216
AEHF-1 (USA 214)        
1 36868U 10039A   20357.23061639  .00000034  00000-0  00000-0 0  9998
2 36868   3.1987  94.5000 0000477 109.9334 333.8209  1.00274151 33573
CHINASAT 6A (ZX 6A)     
1 37150U 10042A   20357.36215411 -.00000345  00000-0  00000-0 0  9996
2 37150   0.0483 148.1836 0002888  28.4746 170.1481  1.00270904 37815
QZS-1 (MICHIBIKI-1)     
1 37158U 10045A   20357.72601591 -.00000095  00000-0  00000+0 0  9996
2 37158  41.7993 140.9393 0754008 270.4573  82.5749  1.00268610 37638
XM-5                    
1 37185U 10053A   20357.36583477 -.00000196  00000-0  00000-0 0  9990
2 37185   0.0153 357.5041 0001449  66.6950  73.6663  1.00272153 37406
BSAT-3B                 
1 37207U 10056B   20357.80207701 -.00000340  00000-0  00000+0 0  9990
2 37207   0.0771 303.2594 0004202 355.7358 191.4215  1.00270411 37195
BEIDOU 6                
1 37210U 10057A   20358.26002538 -.00000101  00000-0  00000+0 0  9992
2 37210   0.8406  47.8919 0006579 184.9608 112.9554  1.00273265 37209
SKYTERRA 1              
1 37218U 10061A   20358.16680544 -.00000108  00000-0  00000+0 0  9990
2 37218   2.1235   8.7977 0001685 249.6405 152.4624  1.00272214 37153
ZHONGXING-20A           
1 37234U 10064A   20358.14993153 -.00000340  00000-0  00000+0 0  9990
2 37234   1.3165  94.7351 0002585 208.7788 328.9522  1.00266483 36950
HYLAS 1                 
1 37237U 10065A   20357.93753400 -.00000325  00000-0  00000+0 0  9992
2 37237   0.5813  95.1701 0014343  78.4296  25.7739  0.99638573 36928
INTELSAT 17 (IS-17)     
1 37238U 10065B   20358.14009619  .00000010  00000-0  00000+0 0  9993
2 37238   0.0242 271.9669 0002897   7.2423 289.3669  1.00271951 36847
BEIDOU 7                
1 37256U 10068A   20357.62037500 -.00000230  00000-0  00000+0 0  9993
2 37256  51.1674 296.1042 0079998 215.7973 279.5536  1.00251285 36717
EUTELSAT KA-SAT 9A      
1 37258U 10069A   20358.05696020  .00000073  00000-0  00000+0 0  9996
2 37258   0.0292 330.5355 0000950 227.9924 283.0548  1.00273249 36741
HISPASAT 30W-5          
1 37264U 10070A   20357.40315508 -.00000207  00000-0  00000-0 0  9993
2 37264   0.0465 116.3392 0002466 132.0520 318.1726  1.00272503 33100
KOREASAT 6              
1 37265U 10070B   20357.76811809 -.00000352  00000-0  00000+0 0  9998
2 37265   0.0316  71.3551 0001176 220.7767 192.1701  1.00270936 36607
BEIDOU 8                
1 37384U 11013A   20357.47678650 -.00000213  00000-0  00000-0 0  9998
2 37384  59.5325  59.6936 0053132 205.9645 112.9723  1.00252618 35580
INTELSAT NEW DAWN       
1 37392U 11016A   20357.31160241  .00000164  00000-0  00000-0 0  9999
2 37392   0.0283 232.8835 0001297 352.9736  10.4389  1.00273902 33223
YAHSAT 1A               
1 37393U 11016B   20357.99380128  .00000112  00000-0  00000+0 0  9994
2 37393   0.0194 349.5595 0003150 265.7478 246.9480  1.00268658 35488
SBIRS GEO-1 (USA 230)   
1 37481U 11019A   20357.50338803  .00000000  00000-0  00000-0 0  9992
2 37481   1.8984 352.3040 0001984 275.5189  71.1147  1.00272041 35311
TELSTAR 14R             
1 37602U 11021A   20358.11436154 -.00000269  00000-0  00000+0 0  9993
2 37602   0.0164 349.1923 0001851 342.6178  98.4972  1.00271389 35714
GSAT-8                  
1 37605U 11022A   20357.51033410  .00000094  00000-0  00000-0 0  9994
2 37605   0.0143  14.0656 0008751 253.4258  62.8293  1.00270252 33132
ST-2                    
1 37606U 11022B   20357.42670883 -.00000203  00000-0  00000-0 0  9999
2 37606   0.0179  32.2989 0001621 240.4710  60.2904  1.00272738 35191
CHINASAT 10 (ZX 10)     
1 37677U 11026A   20357.41993978 -.00000344  00000-0  00000-0 0  9999
2 37677   0.0384 236.7697 0004701 317.0070 159.3418  1.00274925 34904
TIANLIAN 1-02           
1 37737U 11032A   20357.54610118 -.00000008  00000-0  00000-0 0  9996
2 37737   2.7468  75.2123 0014960 118.4745 265.4329  1.00274526 24145
GSAT-12                 
1 37746U 11034A   20357.42618812 -.00000157  00000-0  00000-0 0  9999
2 37746   0.0422 102.0914 0006451 344.6101 241.1764  1.00272622 23416
SES-3                   
1 37748U 11035A   20358.16590931 -.00000090  00000-0  00000+0 0  9990
2 37748   0.0294 319.8495 0002596 321.3092 127.7230  1.00270276 34629
KAZSAT-2                
1 37749U 11035B   20358.14419630 -.00000187  00000-0  00000+0 0  9992
2 37749   0.0291 189.3835 0000499 152.5030 248.6511  1.00274196 34496
BEIDOU 9                
1 37763U 11038A   20357.89855365  .00000020  00000-0  00000+0 0  9996
2 37763  54.4483 183.6393 0072521 223.0774 101.7303  1.00255424 34567
ASTRA 1N                
1 37775U 11041A   20357.34113021  .00000128  00000-0  00000-0 0  9999
2 37775   0.0481  40.1417 0002135 299.3847 253.8183  1.00271424 24449
BSAT-3C (JCSAT-110R)    
1 37776U 11041B   20358.07702451 -.00000340  00000-0  00000+0 0  9998
2 37776   0.0256  83.1641 0000332 262.9392 243.6654  1.00272938 34446
PAKSAT-1R               
1 37779U 11042A   20358.07271877  .00000165  00000-0  00000+0 0  9999
2 37779   0.0354 187.6074 0003612 140.3408 188.3127  1.00273494 34201
CHINASAT 1A (ZX 1A)     
1 37804U 11047A   20357.36320094 -.00000330  00000-0  00000-0 0  9996
2 37804   0.0166 237.2005 0002794  68.6920  46.0558  1.00268591 33982
COSMOS 2473             
1 37806U 11048A   20357.83642736 -.00000123  00000-0  00000+0 0  9990
2 37806   0.5036  97.6852 0002085 124.7332 153.8374  1.00261549 33997
SES-2                   
1 37809U 11049A   20357.36501294 -.00000187  00000-0  00000-0 0  9996
2 37809   0.0264 309.2747 0002863 316.8095 229.6939  1.00272504 33887
ARABSAT-5C              
1 37810U 11049B   20357.37549529  .00000132  00000-0  00000-0 0  9991
2 37810   0.0605  21.8421 0003478 210.2824  14.4099  1.00271939 33972
EUTELSAT 7 WEST A       
1 37816U 11051A   20357.69478538 -.00000050  00000-0  00000+0 0  9995
2 37816   0.0640  27.2061 0005198 201.5650 105.7625  1.00271879 33880
QUETZSAT 1              
1 37826U 11054A   20357.53732421 -.00000232  00000-0  00000+0 0  9998
2 37826   0.0175  31.8051 0002699 237.9382 298.2356  1.00271034 34010
INTELSAT 18 (IS-18)     
1 37834U 11056A   20357.46945865  .00000062  00000-0  00000-0 0  9990
2 37834   0.0159  61.0688 0001708 214.2941 165.1161  1.00272530 33827
EUTELSAT 16A            
1 37836U 11057A   20357.77120421  .00000114  00000-0  00000+0 0  9997
2 37836   0.0651  14.6528 0004851 262.2678 108.4876  1.00270473 33710
VIASAT-1                
1 37843U 11059A   20357.68024564 -.00000014  00000-0  00000+0 0  9998
2 37843   0.0184 351.1399 0002462 273.3357 316.9960  1.00272413 34196
ASIASAT 7               
1 37933U 11069A   20357.35840296 -.00000326  00000-0  00000-0 0  9998
2 37933   0.0162  43.6462 0001264 174.8099 107.4376  1.00273434 24774
BEIDOU 10               
1 37948U 11073A   20357.89399708 -.00000165  00000-0  00000+0 0  9995
2 37948  51.2689 295.7080 0071016 216.4314 355.1430  1.00292425 33328
LUCH 5A                 
1 37951U 11074B   20358.26105850 -.00000035  00000-0  00000+0 0  9991
2 37951   3.6984 109.6467 0001277 176.8804  66.6066  1.00272786 33112
NIGCOMSAT 1R            
1 38014U 11077A   20357.36438435  .00000153  00000-0  00000-0 0  9994
2 38014   0.0066 265.5774 0001474  64.2649 295.1820  1.00270448 32876
FENGYUN 2F              
1 38049U 12002A   20357.57509744 -.00000349  00000-0  00000-0 0  9994
2 38049   2.4987  82.9632 0003323  10.2363 317.7460  1.00267952 32805
WGS F4 (USA 233)        
1 38070U 12003A   20358.07274994 -.00000204  00000-0  00000+0 0  9990
2 38070   0.0159 359.4374 0000583 191.4118  15.8062  1.00270820 32648
SES-4                   
1 38087U 12007A   20357.44563598 -.00000159  00000-0  00000-0 0  9993
2 38087   0.0095 359.9590 0002654 282.2895 307.6354  1.00272223 32164
BEIDOU 11               
1 38091U 12008A   20358.13861318  .00000067  00000-0  00000+0 0  9993
2 38091   1.8807  71.0699 0003371 230.7184 259.0454  1.00267897 32406
MUOS-1                  
1 38093U 12009A   20358.16846866 -.00000117  00000-0  00000+0 0  9997
2 38093   2.5510  14.4862 0054249 355.7479  42.6001  1.00271349 32383
INTELSAT 22 (IS-22)     
1 38098U 12011A   20358.14131750 -.00000047  00000-0  00000+0 0  9994
2 38098   0.0180 314.7530 0003006 307.7902 312.5672  1.00271800 31974
APSTAR 7                
1 38107U 12013A   20358.10698037 -.00000090  00000-0  00000+0 0  9997
2 38107   0.0242  89.8734 0002550 175.0385 302.2151  1.00271749 32098
YAHSAT 1B               
1 38245U 12016A   20357.41850865  .00000135  00000-0  00000-0 0  9995
2 38245   0.0160  44.2760 0002341 223.3052  22.1175  1.00269927 25518
AEHF-2 (USA 235)        
1 38254U 12019A   20358.11348918 -.00000265  00000-0  00000+0 0  9991
2 38254   2.3101  52.6269 0000944 162.0220 210.8137  1.00270421 31600
JCSAT-13                
1 38331U 12023A   20357.93631270 -.00000346  00000-0  00000+0 0  9997
2 38331   0.0176 320.6397 0001705 297.4327 294.9313  1.00270354 31491
VINASAT-2               
1 38332U 12023B   20357.43543244 -.00000320  00000-0  00000-0 0  9999
2 38332   0.0250 308.9702 0002101 314.3779 116.6925  1.00271158 26570
NIMIQ 6                 
1 38342U 12026A   20357.48926271 -.00000165  00000-0  00000-0 0  9990
2 38342   0.0388 294.4499 0002119 328.7780 273.3069  1.00272185 30346
CHINASAT 2A (ZX 2A)     
1 38352U 12028A   20357.78760462 -.00000283  00000-0  00000+0 0  9994
2 38352   0.0417 147.8940 0001949 114.0122 211.6567  1.00274390 31561
INTELSAT 19 (IS-19)     
1 38356U 12030A   20357.72933088 -.00000047  00000-0  00000+0 0  9999
2 38356   0.0183  19.7272 0003016 255.6896 244.8784  1.00272112 31432
ECHOSTAR 17             
1 38551U 12035A   20357.60310024 -.00000066  00000-0  00000+0 0  9998
2 38551   0.0029 100.8830 0002262 170.3392 290.3967  1.00272422 31046
METEOSAT-10 (MSG-3)     
1 38552U 12035B   20357.26741569  .00000069  00000-0  00000-0 0  9996
2 38552   1.2536 354.0067 0001208 212.4868 350.3465  1.00277147 30771
SES-5                   
1 38652U 12036A   20357.43452174  .00000043  00000-0  00000-0 0  9990
2 38652   0.0399  76.4493 0001949 188.7455 347.6629  1.00272729 24419
TIANLIAN 1-03           
1 38730U 12040A   20357.84392966  .00000136  00000-0  00000+0 0  9991
2 38730   0.6752  99.6615 0004778 248.6847  67.7666  1.00275082 30910
INTELSAT 20 (IS-20)     
1 38740U 12043A   20358.05049264 -.00000014  00000-0  00000+0 0  9995
2 38740   0.0212  91.3544 0002354  96.9000 350.4826  1.00271449 30754
HYLAS 2                 
1 38741U 12043B   20357.31160241  .00000162  00000-0  00000-0 0  9997
2 38741   0.0359 281.6475 0001665 350.1409 322.7294  1.00272814 30686
INTELSAT 21 (IS-21)     
1 38749U 12045A   20358.19187708 -.00000273  00000-0  00000+0 0  9994
2 38749   0.0148 321.9486 0002296 302.5612 198.7512  1.00273635 30561
ASTRA 2F                
1 38778U 12051A   20358.17525244  .00000161  00000-0  00000+0 0  9997
2 38778   0.0715 236.3909 0004450   7.7559 299.3058  1.00270090 30217
GSAT-10                 
1 38779U 12051B   20358.14349840 -.00000154  00000-0  00000+0 0  9994
2 38779   0.0977  98.5760 0003347 165.9891 322.2527  1.00272367 30217
INTELSAT 23 (IS-23)     
1 38867U 12057A   20357.75742091 -.00000275  00000-0  00000+0 0  9993
2 38867   0.0135 298.9727 0002068 316.8513  55.6298  1.00270566 30027
BEIDOU 16               
1 38953U 12059A   20358.14367288 -.00000164  00000-0  00000+0 0  9993
2 38953   1.5494  84.6630 0008576 256.5338 246.7097  1.00270133 29977
LUCH 5B                 
1 38977U 12061A   20358.05181326 -.00000126  00000-0  00000+0 0  9997
2 38977   6.1422  66.4227 0001783 202.3592 185.5553  1.00272164 30109
YAMAL 300K              
1 38978U 12061B   20357.50396463  .00000080  00000-0  00000-0 0  9996
2 38978   0.0226 276.5514 0001761 329.0847 210.2537  1.00271165 29560
STAR ONE C3             
1 38991U 12062A   20357.75297188 -.00000239  00000-0  00000+0 0  9999
2 38991   0.0270  83.6314 0001591 180.7245  23.4569  1.00270327 29775
EUTELSAT 21B            
1 38992U 12062B   20357.34147916  .00000138  00000-0  00000-0 0  9996
2 38992   0.0648  13.8341 0002836 259.8816 322.1669  1.00270312 29757
ECHOSTAR 16             
1 39008U 12065A   20358.19036459 -.00000270  00000-0  00000+0 0  9998
2 39008   0.0164   5.5576 0002238 265.0218 188.6340  1.00272403 29730
CHINASAT 12 (ZX 12)     
1 39017U 12067A   20357.78542370 -.00000197  00000-0  00000+0 0  9996
2 39017   0.0176  78.9357 0003076 188.2877 194.8123  1.00272959 29635
EUTELSAT 70B            
1 39020U 12069A   20358.11646968 -.00000032  00000-0  00000+0 0  9996
2 39020   0.0652  27.6627 0005397 198.0361 338.8450  1.00271271 29532
YAMAL 402               
1 39022U 12070A   20358.10922567  .00000097  00000-0  00000+0 0  9991
2 39022   0.0205   2.1095 0003229 280.2334 263.9838  1.00271023 29523
SKYNET 5D               
1 39034U 12075A   20357.52421970  .00000108  00000-0  00000-0 0  9990
2 39034   0.0711 358.9598 0004021 264.8352  69.2054  1.00270794 29089
MEXSAT 3                
1 39035U 12075B   20358.15858789 -.00000014  00000-0  00000+0 0  9999
2 39035   0.0158  33.5011 0001643 208.1035 152.8330  1.00272222 29407
TDRS 11                 
1 39070U 13004A   20357.47319366  .00000087  00000-0  00000-0 0  9998
2 39070   3.5675 334.6471 0003113  16.0277  96.9267  1.00265328 26617
AMAZONAS 3              
1 39078U 13006A   20358.19036535 -.00000271  00000-0  00000+0 0  9997
2 39078   0.0410 202.0110 0004485  56.2835 201.4464  1.00272537 28895
AZERSPACE 1             
1 39079U 13006B   20357.36438435  .00000141  00000-0  00000-0 0  9997
2 39079   0.0107  48.0626 0001609 236.7246 343.7496  1.00270451 28725
SBIRS GEO-2 (USA 241)   
1 39120U 13011A   20357.34139192  .00000129  00000-0  00000-0 0  9992
2 39120   1.9703 351.6669 0001959 274.2557 328.9387  1.00271962 28456
EUTELSAT 117 WEST A     
1 39122U 13012A   20358.15764142 -.00000002  00000-0  00000+0 0  9994
2 39122   0.0176  24.0270 0002981 243.9679 124.1028  1.00271904 28392
ANIK G1                 
1 39127U 13014A   20357.43523333 -.00000065  00000-0  00000-0 0  9996
2 39127   0.0332 260.9945 0003333 348.1425 251.6889  1.00271666 28172
CHINASAT 11 (ZX 11)     
1 39157U 13020A   20357.58938058 -.00000282  00000-0  00000-0 0  9997
2 39157   0.0288 280.7518 0001813  27.8868  93.1506  1.00270307 28079
EUTELSAT 7B             
1 39163U 13022A   20357.43452174  .00000057  00000-0  00000-0 0  9999
2 39163   0.0678 348.9599 0004038 333.0900 292.8321  1.00273873 27899
WGS F5 (USA 243)        
1 39168U 13024A   20358.19485247 -.00000273  00000-0  00000+0 0  9997
2 39168   0.0165  21.6181 0000181 356.8943  91.3297  1.00272319 27755
SES-6                   
1 39172U 13026A   20357.75995076 -.00000251  00000-0  00000+0 0  9997
2 39172   0.0320 311.8860 0002136 319.2830  53.6837  1.00272009 27635
IRNSS-1A                
1 39199U 13034A   20356.85604756  .00000085  00000-0  00000-0 0  9992
2 39199  31.2503  93.8027 0021936 183.7733 176.6515  1.00279360 27287
MUOS-2                  
1 39206U 13036A   20358.20071578  .00000075  00000-0  00000+0 0  9992
2 39206   2.5542   3.3387 0052220 184.4910 159.6233  1.00270728 27232
ALPHASAT                
1 39215U 13038A   20358.00522966  .00000144  00000-0  00000+0 0  9991
2 39215   2.5156  18.7897 0002322 248.4949 211.4276  1.00271383 27197
INSAT-3D                
1 39216U 13038B   20357.42688253 -.00000148  00000-0  00000-0 0  9995
2 39216   0.0419 101.4382 0001226 157.4422  68.3036  1.00272181 27021
WGS F6 (USA 244)        
1 39222U 13041A   20358.20686399  .00000101  00000-0  00000+0 0  9999
2 39222   0.0155 344.9018 0000728 204.7529 201.8274  1.00269332 26992
ES'HAIL 1               
1 39233U 13044A   20358.13198324  .00000154  00000-0  00000+0 0  9990
2 39233   0.0475 356.0193 0001774 264.5100 264.6223  1.00269208 26823
GSAT-7                  
1 39234U 13044B   20357.78280663 -.00000067  00000-0  00000+0 0  9993
2 39234   0.0514 112.1249 0009038 156.6518 178.8234  1.00271968 26820
AMOS-4                  
1 39237U 13045A   20357.43243969  .00000016  00000-0  00000-0 0  9991
2 39237   0.0373  93.3603 0002100 206.0598  12.7139  1.00271506 26874
AEHF-3 (USA 246)        
1 39256U 13050A   20357.41959256 -.00000347  00000-0  00000-0 0  9997
2 39256   0.6505  33.9565 0005776 253.3740  66.2754  1.00272758 25585
ASTRA 2E                
1 39285U 13056A   20358.17525244  .00000162  00000-0  00000+0 0  9998
2 39285   0.0576  21.7440 0002440 244.0394 277.9760  1.00273962 26513
SIRIUS FM-6             
1 39360U 13058A   20357.51362409 -.00000008  00000-0  00000-0 0  9994
2 39360   0.0041  10.1988 0000854 111.9884  38.0833  1.00270334 25983
RADUGA-1M 3             
1 39375U 13062A   20358.06210713  .00000167  00000-0  00000+0 0  9990
2 39375   0.8987  95.7711 0006066 318.4845  95.1288  1.00273248 26055
SES-8                   
1 39460U 13071A   20357.42801737 -.00000261  00000-0  00000-0 0  9993
2 39460   0.0479 260.0651 0000628  11.5709  68.8893  1.00273097 24369
INMARSAT 5-F1           
1 39476U 13073A   20357.43243969  .00000037  00000-0  00000+0 0  9999
2 39476   0.0184  19.2438 0000278  94.4440 196.0331  1.00271562 25849
TKSAT-1 (TUPAC KATARI)  
1 39481U 13075A   20357.60702587 -.00000186  00000-0  00000+0 0  9998
2 39481   0.0510 131.5304 0002274 150.3436 301.0899  1.00272011 25761
EXPRESS-AM5             
1 39487U 13077A   20358.11323595 -.00000269  00000-0  00000+0 0  9993
2 39487   0.0438 199.8626 0001071 186.8620 246.1787  1.00271654 26277
GSAT-14                 
1 39498U 14001A   20358.06987115 -.00000066  00000-0  00000+0 0  9996
2 39498   0.0232  98.3953 0005205 158.8619 293.9873  1.00272043 25501
THAICOM 6               
1 39500U 14002A   20357.78367899 -.00000111  00000-0  00000+0 0  9991
2 39500   0.0855 117.6793 0001977 106.3085 228.4223  1.00273509 25443
TDRS 12                 
1 39504U 14004A   20358.03646590 -.00000261  00000-0  00000+0 0  9990
2 39504   4.4262 339.9966 0001536 249.5598 194.6974  1.00268979 25372
ABS-2                   
1 39508U 14006A   20358.07004562 -.00000075  00000-0  00000+0 0  9990
2 39508   0.0117  16.7415 0002956 272.1844 263.2636  1.00272143 25241
ATHENA-FIDUS            
1 39509U 14006B   20358.17721080  .00000165  00000-0  00000+0 0  9992
2 39509   0.0161  23.3555 0000668 253.4112 276.9936  1.00271493 25429
TURKSAT 4A              
1 39522U 14007A   20357.77643838  .00000156  00000-0  00000+0 0  9997
2 39522   0.0729 274.8295 0005153 356.7646 141.7024  1.00273798 25136
EXPRESS-AT1             
1 39612U 14010A   20356.83800601  .00000085  00000-0  00000-0 0  9992
2 39612   0.0295 185.0264 0000304 177.5833  85.9370  1.00273635 24966
EXPRESS-AT2             
1 39613U 14010B   20357.43700269 -.00000272  00000-0  00000-0 0  9998
2 39613   0.0440 210.6488 0000021 333.5916 204.3751  1.00273148 24435
AMAZONAS 4A             
1 39616U 14011A   20358.18307999 -.00000241  00000-0  00000+0 0  9993
2 39616   0.0902  78.0907 0002991 194.3015 171.6946  1.00266970 24790
ASTRA 5B                
1 39617U 14011B   20357.77434472  .00000165  00000-0  00000+0 0  9999
2 39617   0.0264 354.4690 0003425 280.2473 127.3249  1.00271930 24794
IRNSS-1B                
1 39635U 14017A   20356.86299223  .00000089  00000-0  00000-0 0  9993
2 39635  29.0232 274.1162 0017880 184.2719 358.2494  1.00271905 24708
LUCH 5V                 
1 39727U 14023A   20357.78690671 -.00000258  00000-0  00000+0 0  9994
2 39727   0.4535  24.6447 0001331 316.3958 128.7252  1.00268117542449
KAZSAT-3                
1 39728U 14023B   20357.81936973  .00000071  00000-0  00000+0 0  9999
2 39728   0.0025  61.3688 0000441 218.4135 165.5002  1.00270957 24368
EUTELSAT 3B             
1 39773U 14030A   20357.43452174  .00000029  00000-0  00000-0 0  9995
2 39773   0.0668  32.2351 0005049 181.5915  37.1284  1.00272119 23985
USA 253                 
1 40099U 14043A   20353.17743948  .00000084  00000-0  00000+0 0  9991
2 40099   0.2244 102.8134 0004282 121.8407 303.1327  1.00111774  7934
USA 254                 
1 40100U 14043B   20353.56816994 -.00000003  00000-0  00000+0 0  9991
2 40100   1.0099  95.0251 0000823   0.0505  13.0519  1.00129066  7642
ASIASAT 8               
1 40107U 14046A   20357.44007887 -.00000024  00000-0  00000-0 0  9999
2 40107   0.0172  60.1752 0001265 212.4105 333.4110  1.00272810 82077
ASIASAT 6               
1 40141U 14052A   20357.76822480 -.00000352  00000-0  00000+0 0  9996
2 40141   0.0227 297.8056 0000741 297.5980 252.8341  1.00271538 23087
OPTUS 10                
1 40146U 14054A   20357.87088563 -.00000137  00000-0  00000+0 0  9992
2 40146   0.0210  51.9804 0003482 194.6084 314.8110  1.00270226 23043
MEASAT-3B               
1 40147U 14054B   20357.78629606 -.00000232  00000-0  00000+0 0  9998
2 40147   0.0241  12.1371 0001874 290.0063 164.2185  1.00272050 23098
LUCH (OLYMP)            
1 40258U 14058A   20357.44007887 -.00000017  00000-0  00000-0 0  9991
2 40258   0.0424 121.3311 0000574 267.3545 218.1640  1.00275430 20917
HIMAWARI-8              
1 40267U 14060A   20357.43717715 -.00000267  00000-0  00000-0 0  9998
2 40267   0.0502 165.9431 0001269 107.3886 116.1526  1.00272429 22674
IRNSS-1C                
1 40269U 14061A   20358.14349840 -.00000147  00000-0  00000+0 0  9996
2 40269   2.0501 160.8462 0019144  14.3505  51.5711  1.00268899 22754
INTELSAT 30 (IS-30)     
1 40271U 14062A   20358.07333211 -.00000140  00000-0  00000+0 0  9990
2 40271   0.0187 348.4315 0002282 128.6346 266.3422  1.00270309 22690
ARSAT 1                 
1 40272U 14062B   20357.46657573 -.00000250  00000-0  00000-0 0  9996
2 40272   0.0391 278.0904 0001428 335.4663 294.0633  1.00270730 22534
EXPRESS-AM6             
1 40277U 14064A   20357.41964271  .00000107  00000-0  00000+0 0  9993
2 40277   0.0510 228.5366 0000431 122.4975 304.4645  1.00271246 22584
GSAT-16                 
1 40332U 14078A   20358.10922567  .00000096  00000-0  00000+0 0  9996
2 40332   0.0383 278.9616 0002956 194.8693  72.7037  1.00272887 22183
DIRECTV 14              
1 40333U 14078B   20357.44136925 -.00000116  00000-0  00000-0 0  9993
2 40333   0.0398 168.7016 0000068 358.7290 343.6781  1.00272739 21974
YAMAL 401               
1 40345U 14082A   20357.42705778 -.00000220  00000-0  00000-0 0  9993
2 40345   0.0203 307.5275 0000580 171.3089 216.2934  1.00272059 21831
ASTRA 2G                
1 40364U 14089A   20358.17525244  .00000161  00000-0  00000+0 0  9994
2 40364   0.0253 355.0131 0001447  25.9227 162.5427  1.00271854 21941
FENGYUN 2G              
1 40367U 14090A   20356.76160542 -.00000298  00000-0  00000-0 0  9991
2 40367   2.5264  91.8992 0002389 279.9284  93.0249  1.00272659 21958
MUOS-3                  
1 40374U 15002A   20357.40612111 -.00000121  00000-0  00000-0 0  9994
2 40374   2.6764 352.7046 0054677 183.0626  46.3896  1.00270936 21509
INMARSAT 5-F2           
1 40384U 15005A   20357.46989071 -.00000276  00000-0  00000-0 0  9997
2 40384   0.0177  14.1262 0000256 228.2331 323.2794  1.00273448 20917
ABS-3A                  
1 40424U 15010A   20357.44007887 -.00000018  00000-0  00000-0 0  9996
2 40424   0.0448 303.3577 0001220  24.0130 279.5419  1.00268985 21329
EUTELSAT 115 WEST B     
1 40425U 15010B   20357.43986748 -.00000016  00000-0  00000-0 0  9996
2 40425   0.0103 165.2498 0000196 229.5836 100.0669  1.00271367 21324
EXPRESS-AM7             
1 40505U 15012A   20357.36438435  .00000159  00000-0  00000-0 0  9991
2 40505   0.0183  11.9995 0002492 260.2165 350.3188  1.00270784 20921
IRNSS-1D                
1 40547U 15018A   20355.71053001 -.00000293  00000-0  00000-0 0  9992
2 40547  28.8772 274.2093 0017870 184.5335 358.4905  1.00266932 20897
BEIDOU 17               
1 40549U 15019A   20358.03049463 -.00000151  00000-0  00000+0 0  9992
2 40549  52.7744 319.0267 0039006 195.2206  38.9648  1.00247422 21007
THOR 7                  
1 40613U 15022A   20358.12674906  .00000003  00000-0  00000+0 0  9999
2 40613   0.0253 253.5675 0002503   9.9209 233.6044  1.00272709 20741
TURKMENALEM52E/MONACOSAT
1 40617U 15023A   20357.52421970  .00000113  00000-0  00000-0 0  9991
2 40617   0.0151  67.3431 0002930 196.8334  68.0799  1.00271256 20756
DIRECTV 15              
1 40663U 15026A   20357.67568069 -.00000093  00000-0  00000+0 0  9999
2 40663   0.0200  72.3643 0000075 113.5814  46.1129  1.00269431 20453
SKY MEXICO-1            
1 40664U 15026B   20357.53697528 -.00000225  00000-0  00000+0 0  9995
2 40664   0.0165 357.9807 0002392 284.7816 283.3186  1.00271532 20458
METEOSAT-11 (MSG-4)     
1 40732U 15034A   20357.44007887  .00000009  00000-0  00000-0 0  9993
2 40732   0.3948 263.7414 0001315 280.5565  65.7435  1.00278956 19952
STAR ONE C4             
1 40733U 15034B   20357.75401872 -.00000255  00000-0  00000+0 0  9993
2 40733   0.0311  47.8537 0002323 237.3523   7.9948  1.00271092 19934
WGS F7 (USA 263)        
1 40746U 15036A   20357.63109234  .00000027  00000-0  00000+0 0  9999
2 40746   0.0333  65.6040 0000126 247.2496 180.9848  1.00271894 19792
INTELSAT 34 (IS-34)     
1 40874U 15039A   20358.19336559 -.00000274  00000-0  00000+0 0  9993
2 40874   0.0023  41.5341 0000653 149.6791 275.1006  1.00270982 19548
EUTELSAT 8 WEST B       
1 40875U 15039B   20357.69461091 -.00000056  00000-0  00000+0 0  9996
2 40875   0.0611   0.5919 0001679 280.3350  52.8366  1.00271016 19606
GSAT-6                  
1 40880U 15041A   20358.14332394 -.00000149  00000-0  00000+0 0  9992
2 40880   0.0231 322.2174 0005993 282.3532 341.6679  1.00272279 19556
INMARSAT 5-F3           
1 40882U 15042A   20357.80383053  .00000059  00000-0  00000+0 0  9994
2 40882   0.0180  12.8718 0000707 189.8031 358.0850  1.00263801 19475
MUOS-4                  
1 40887U 15044A   20357.49588706 -.00000086  00000-0  00000-0 0  9990
2 40887   2.7842 348.6117 0055937 356.2887   0.1142  1.00272361 19471
TJS-1                   
1 40892U 15046A   20358.26236222 -.00000145  00000-0  00000+0 0  9992
2 40892   0.0346  60.8749 0001081 301.2446 339.6171  1.00269915 19476
EXPRESS-AM8             
1 40895U 15048A   20357.98054139 -.00000101  00000-0  00000+0 0  9992
2 40895   0.0351 208.1268 0000056 203.6298  19.1985  1.00270756 19309
BEIDOU 20               
1 40938U 15053A   20357.96431200 -.00000159  00000-0  00000+0 0  9995
2 40938  52.3380 282.0807 0046719 192.2479  61.3725  1.00276253 19285
SKY MUSTER (NBN1A)      
1 40940U 15054A   20357.79597927 -.00000269  00000-0  00000+0 0  9991
2 40940   0.0160 326.1805 0001800 301.5962 250.8173  1.00271088 19177
ARSAT 2                 
1 40941U 15054B   20358.17834034 -.00000213  00000-0  00000+0 0  9997
2 40941   0.0392 277.5843 0001596 339.5926 178.1775  1.00269893 19248
MORELOS 3               
1 40946U 15056A   20357.68080969 -.00000036  00000-0  00000+0 0  9992
2 40946   4.5258 329.4477 0002108   1.1310 253.1109  1.00272764 19204
APSTAR 9                
1 40982U 15059A   20357.72453289 -.00000256  00000-0  00000+0 0  9993
2 40982   0.0290  86.3351 0002257  89.4140 318.8345  1.00272504 19074
TURKSAT 4B              
1 40984U 15060A   20357.52421970  .00000124  00000-0  00000-0 0  9991
2 40984   0.0213 300.6046 0002066 325.7143  63.9003  1.00274662 19022
CHINASAT 2C (ZX 2C)     
1 41021U 15063A   20357.57326549 -.00000314  00000-0  00000-0 0  9990
2 41021   0.0415 246.5196 0003163 145.4594   9.3823  1.00269968 18935
GSAT-15                 
1 41028U 15065A   20358.07379677 -.00000247  00000-0  00000+0 0  9999
2 41028   0.0704  99.6552 0001726 134.1709 338.3084  1.00272342 18789
BADR-7 (ARABSAT-6B)     
1 41029U 15065B   20357.37549529  .00000153  00000-0  00000-0 0  9993
2 41029   0.0585 263.2277 0005436 340.5965   8.7433  1.00273665 18683
LAOSAT 1                
1 41034U 15067A   20357.43473455 -.00000334  00000-0  00000-0 0  9994
2 41034   0.0431 156.6635 0002135  71.6167 148.1844  1.00272879 18783
TELSTAR 12V             
1 41036U 15068A   20358.06772844 -.00000108  00000-0  00000+0 0  9999
2 41036   0.0181  18.8576 0002164 258.6149 183.9809  1.00272044 18657
CHINASAT 1C (ZX 1C)     
1 41103U 15073A   20358.19702220 -.00000142  00000-0  00000+0 0  9993
2 41103   2.0687  90.6904 0001662 156.8643 357.2302  1.00271561 18587
ELEKTRO-L 2             
1 41105U 15074A   20357.40620834 -.00000107  00000-0  00000-0 0  9991
2 41105   1.6507  94.7342 0002378 133.8644 354.5589  1.00270649 18434
COSMOS 2513             
1 41121U 15075A   20357.42688253 -.00000130  00000-0  00000-0 0  9997
2 41121   0.0745 106.0073 0002930 165.1982  54.1591  1.00271215 18441
EXPRESS-AMU1            
1 41191U 15082A   20358.03868691  .00000166  00000-0  00000+0 0  9993
2 41191   0.0163 304.6663 0002677 300.7791 256.6325  1.00273625 18436
GAOFEN 4                
1 41194U 15083A   20357.86085347 -.00000324  00000-0  00000+0 0  9993
2 41194   0.0559  78.4899 0002249 118.8922 310.0890  1.00271781 18415
BELINTERSAT-1           
1 41238U 16001A   20357.77827035  .00000117  00000-0  00000+0 0  9990
2 41238   0.0122 130.7816 0001349  81.8269 210.8246  1.00272214 18171
IRNSS-1E                
1 41241U 16003A   20356.69493726 -.00000297  00000-0  00000-0 0  9993
2 41241  28.7935  93.2157 0020893 184.0670 175.4077  1.00271487 17989
EUTELSAT 9B             
1 41310U 16005A   20357.43452174  .00000070  00000-0  00000-0 0  9995
2 41310   0.0750  80.4193 0005764 194.4528 341.9825  1.00271641 18039
SES-9                   
1 41380U 16013A   20357.28713108 -.00000337  00000-0  00000-0 0  9998
2 41380   0.0294 289.6795 0000325 164.5186 208.7561  1.00271562 17359
EUTELSAT 65 WEST A      
1 41382U 16014A   20358.18787435 -.00000265  00000-0  00000+0 0  9994
2 41382   0.0478 355.5207 0002116 274.4284 184.6448  1.00269168 17575
IRNSS-1F                
1 41384U 16015A   20357.77451920  .00000172  00000-0  00000+0 0  9994
2 41384   2.0034 203.4570 0019741 179.1047  20.5023  1.00272670 17604
BEIDOU IGSO-6           
1 41434U 16021A   20357.54458495 -.00000166  00000-0  00000-0 0  9991
2 41434  57.3050  58.5172 0043096 208.1796 114.8101  1.00262984 17399
IRNSS-1G                
1 41469U 16027A   20358.00915484 -.00000321  00000-0  00000+0 0  9995
2 41469   2.0056 206.7592 0001539 253.9388 124.1245  1.00267970 17117
JCSAT-2B                
1 41471U 16028A   20357.72697552 -.00000156  00000-0  00000+0 0  9996
2 41471   0.0185  15.5080 0001905 262.4493 229.4752  1.00271522 17017
THAICOM 8               
1 41552U 16031A   20358.07083074 -.00000110  00000-0  00000+0 0  9997
2 41552   0.0941  71.2129 0002123 268.1547 216.6900  1.00270310 16708
INTELSAT 31 (IS-31)     
1 41581U 16035A   20357.60554285 -.00000141  00000-0  00000+0 0  9992
2 41581   0.0205 266.4390 0002803 293.1722  14.9390  1.00265044 16619
BEIDOU-2 G7             
1 41586U 16037A   20357.73019865 -.00000345  00000-0  00000+0 0  9999
2 41586   1.8836  68.8699 0008264 358.5474  37.7178  1.00271776 16702
ABS-2A (MONGOLSAT-1)    
1 41588U 16038A   20357.42688253 -.00000075  00000-0  00000-0 0  9992
2 41588   0.0192 352.6971 0001067 245.6008  81.5251  1.00269974 16627
EUTELSAT 117 WEST B     
1 41589U 16038B   20357.43825802 -.00000003  00000-0  00000-0 0  9998
2 41589   0.0334 164.7089 0000069 191.0574 136.4441  1.00272142 16599
BRISAT                  
1 41591U 16039A   20357.72627762 -.00000187  00000-0  00000+0 0  9991
2 41591   0.0198 355.1001 0002122 274.2933 234.2908  1.00268705 16567
ECHOSTAR 18             
1 41592U 16039B   20358.19036545 -.00000271  00000-0  00000+0 0  9991
2 41592   0.0032 324.0640 0001424 303.8498 191.4518  1.00271112 16554
MUOS-5                  
1 41622U 16041A   20358.05159605 -.00000139  00000-0  00000+0 0  9999
2 41622   6.8413 305.6155 0199887 223.7433 196.2615  1.00274023 16994
TIANTONG-1 1            
1 41725U 16048A   20358.13313380 -.00000308  00000-0  00000+0 0  9999
2 41725   2.7421 338.5021 0004578 345.3576 277.6113  1.00274431 16181
JCSAT-16                
1 41729U 16050A   20358.00889312 -.00000334  00000-0  00000+0 0  9994
2 41729   0.0813 101.6226 0000590 211.5515 269.9698  1.00271797 15985
USA 270                 
1 41744U 16052A   20336.10053984  .00000114  00000-0  00000+0 0  9993
2 41744   0.1741 103.8140 0001012  88.9450 324.7465  1.00400066  7869
USA 271                 
1 41745U 16052B   20353.42525697 -.00000357  00000-0  00000+0 0  9993
2 41745   0.6199  91.7872 0006036  90.0046 178.2016  1.00475104  7808
INTELSAT 36 (IS-36)     
1 41747U 16053A   20357.78167255 -.00000015  00000-0  00000+0 0  9992
2 41747   0.0110 359.0442 0001768  17.2616  65.3859  1.00273525 15882
INTELSAT 33E (IS-33E)   
1 41748U 16053B   20358.13887490  .00000060  00000-0  00000+0 0  9992
2 41748   0.0292  54.8584 0001885 200.4620 306.7918  1.00272417 16149
INSAT-3DR               
1 41752U 16054A   20358.06987115 -.00000066  00000-0  00000+0 0  9992
2 41752   0.1118  98.7660 0012916 170.2420 282.2012  1.00271871 15722
GSAT-18                 
1 41793U 16060A   20357.42688253 -.00000069  00000-0  00000-0 0  9998
2 41793   0.0835  98.3440 0001834 101.3807 119.3807  1.00272273 15454
SKY MUSTER 2            
1 41794U 16060B   20357.72514354 -.00000234  00000-0  00000+0 0  9995
2 41794   0.0132 317.9388 0001614 309.8294 229.8299  1.00271522 15499
HIMAWARI-9              
1 41836U 16064A   20357.43717715 -.00000266  00000-0  00000-0 0  9996
2 41836   0.0130 314.4423 0000998  20.9079  54.2493  1.00271151 15104
SHIJIAN-17 (SJ-17)      
1 41838U 16065A   20357.50717524 -.00000354  00000-0  00000-0 0  9993
2 41838   0.6932  94.0307 0005742 320.2751 337.2991  1.00267728 15123
GOES 16                 
1 41866U 16071A   20358.18230671 -.00000237  00000-0  00000+0 0  9998
2 41866   0.0437 186.7066 0001460 112.7293 143.1824  1.00269730 15031
TIANLIAN 1-04           
1 41869U 16072A   20357.46688118  .00000039  00000-0  00000-0 0  9995
2 41869   0.2331  94.3636 0016375 354.9414 346.9911  1.00268546 15227
WGS F8 (USA 272)        
1 41879U 16075A   20357.44835644 -.00000194  00000-0  00000-0 0  9998
2 41879   0.0358 320.7794 0000400 205.1388 236.7753  1.00271738 14759
FENGYUN 4A              
1 41882U 16077A   20357.89994137 -.00000320  00000-0  00000+0 0  9996
2 41882   0.0305 313.5083 0005119 104.5076 102.4429  1.00276821 14908
ECHOSTAR 19             
1 41893U 16079A   20357.44301830 -.00000130  00000-0  00000-0 0  9993
2 41893   0.0125  15.1925 0001330 248.8771 249.7548  1.00272538 14633
JCSAT-15                
1 41903U 16082A   20358.07618685 -.00000340  00000-0  00000+0 0  9990
2 41903   0.0014   7.8450 0001350 265.6087 316.1092  1.00271118 14706
STAR ONE D1             
1 41904U 16082B   20357.46413311 -.00000202  00000-0  00000-0 0  9990
2 41904   0.0214 308.0189 0002191 320.5811 265.9773  1.00271771 14694
TJS-2                   
1 41911U 17001A   20357.81795984 -.00000332  00000-0  00000+0 0  9991
2 41911   0.2737 283.5616 0006883  39.5718 170.6603  1.00272373 14649
SBIRS GEO-4 (USA 273)   
1 41937U 17004A   20358.19899309  .00000142  00000-0  00000+0 0  9998
2 41937   3.4140 312.4922 0001902 305.7534 106.3195  1.00271823 14521
HISPASAT 36W-1          
1 41942U 17006A   20358.13555014 -.00000233  00000-0  00000+0 0  9994
2 41942   0.0081 282.1007 0000906 339.6486 203.1882  1.00272706 14458
TELKOM 3S               
1 41944U 17007A   20358.00688670 -.00000352  00000-0  00000+0 0  9990
2 41944   0.0151 317.6263 0002334 306.7516 308.1141  1.00271866 14137
INTELSAT 32E (IS-32E)   
1 41945U 17007B   20358.13855937 -.00000258  00000-0  00000+0 0  9992
2 41945   0.0191  22.6611 0000417 143.5017 292.6712  1.00269943 14173
ECHOSTAR 23             
1 42070U 17014A   20357.46736086 -.00000261  00000-0  00000-0 0  9993
2 42070   0.0024  96.8519 0002249 174.2975 280.6712  1.00271612 13854
WGS F9 (USA 275)        
1 42075U 17016A   20357.42042785  .00000083  00000-0  00000-0 0  9993
2 42075   0.0089  19.5093 0000464 150.7774 129.1243  1.00270671 13829
SES-10                  
1 42432U 17017A   20357.75471660 -.00000263  00000-0  00000+0 0  9995
2 42432   0.0092   1.8825 0002650 271.3344  23.3436  1.00271839 13667
CHINASAT 16 (SJ-13)     
1 42662U 17018A   20357.57474850 -.00000343  00000-0  00000-0 0  9995
2 42662   0.0285  51.0687 0007251 188.2202 169.7015  1.00274075 13663
KOREASAT 7              
1 42691U 17023A   20357.76811809 -.00000352  00000-0  00000+0 0  9992
2 42691   0.0244  52.8235 0001575 187.8764 243.4996  1.00271649 13368
SGDC                    
1 42692U 17023B   20356.95515017 -.00000243  00000-0  00000-0 0  9995
2 42692   0.0105 345.0505 0002551 291.2897  83.6289  1.00279512 13348
GSAT-9                  
1 42695U 17024A   20357.42854080 -.00000278  00000-0  00000-0 0  9996
2 42695   0.0152 309.2871 0002219 304.6076  89.1574  1.00268730 13225
INMARSAT 5-F4           
1 42698U 17025A   20357.99458640  .00000086  00000-0  00000+0 0  9999
2 42698   0.0184  14.5798 0000310 334.2669 157.6976  1.00271376 13186
SES-15                  
1 42709U 17026A   20357.43082907  .00000069  00000-0  00000-0 0  9993
2 42709   0.0177  36.6066 0000462 213.4749 227.2845  1.00270925 14076
QZS-2 (MICHIBIKI-2)     
1 42738U 17028A   20356.64558358 -.00000223  00000-0  00000-0 0  9990
2 42738  42.6780 271.8058 0758998 269.4692 281.9171  1.00286089 13050
VIASAT-2                
1 42740U 17029A   20357.75410595 -.00000255  00000-0  00000+0 0  9991
2 42740   0.0194 291.9504 0000187 275.8370  85.5512  1.00272031 13096
EUTELSAT 172B           
1 42741U 17029B   20357.73055219  .00000004  00000-0  00000+0 0  9999
2 42741   0.0166 312.8454 0000187 218.2762 355.6049  1.00272139 13623
GSAT-19                 
1 42747U 17031A   20357.52421970  .00000134  00000-0  00000-0 0  9991
2 42747   0.0601 108.8534 0001361 355.2390 224.0487  1.00272993 13059
ECHOSTAR 21             
1 42749U 17032A   20358.12892997  .00000075  00000-0  00000+0 0  9995
2 42749   5.1171 311.8870 0002239 298.9172 258.0118  1.00270495 13046
CHINASAT 9A (ZX 9A)     
1 42763U 17035A   20357.90266056 -.00000302  00000-0  00000+0 0  9994
2 42763   0.0674 121.4855 0001093 121.5353 275.2642  1.00270481 13577
BULGARIASAT-1           
1 42801U 17038A   20357.76841267  .00000020  00000-0  00000+0 0  9993
2 42801   0.0405 308.6361 0002753 311.5003 110.1248  1.00267891 12838
HELLAS-SAT 3            
1 42814U 17040A   20357.77582773  .00000162  00000-0  00000+0 0  9992
2 42814   0.0443  24.4206 0002562 296.6912  88.9405  1.00271858 12784
GSAT-17                 
1 42815U 17040B   20357.42775566 -.00000249  00000-0  00000-0 0  9997
2 42815   0.0457 104.5527 0006239 159.1678  75.2034  1.00271715 12704
INTELSAT 35E (IS-35E)   
1 42818U 17041A   20358.13344365 -.00000227  00000-0  00000+0 0  9994
2 42818   0.0412 154.3731 0001709 122.3785 188.9280  1.00268860 12764
COSMOS 2520             
1 42907U 17046A   20358.13590887  .00000148  00000-0  00000+0 0  9991
2 42907   0.0255  80.0221 0000588 274.2541 191.8005  1.00272150 12325
TDRS 13                 
1 42915U 17047A   20357.24148206 -.00000095  00000-0  00000-0 0  9999
2 42915   5.2863 330.5086 0012158  96.9675  99.1547  1.00272580 12262
QZS-3 (MICHIBIKI-3)     
1 42917U 17048A   20358.00871866 -.00000337  00000-0  00000+0 0  9990
2 42917   0.0485 192.2531 0001899  93.2665 296.6582  1.00269481 12296
AMAZONAS 5              
1 42934U 17053A   20358.19036494 -.00000271  00000-0  00000+0 0  9992
2 42934   0.0307 326.2409 0004030 325.7726 167.7081  1.00270293 12051
ASIASAT 9               
1 42942U 17057A   20357.28992262 -.00000352  00000-0  00000-0 0  9999
2 42942   0.0025 334.4216 0002360 281.2322  62.1148  1.00270439 11857
INTELSAT 37E (IS-37E)   
1 42950U 17059A   20357.76439980 -.00000131  00000-0  00000+0 0  9990
2 42950   0.0183 325.3110 0002725 298.2945  85.3410  1.00272225 11974
BSAT-4A                 
1 42951U 17059B   20358.07618685 -.00000339  00000-0  00000+0 0  9997
2 42951   0.0473  35.0528 0001766 313.2244 241.0690  1.00272598 11872
QZS-4 (MICHIBIKI-4)     
1 42965U 17062A   20357.91646541 -.00000345  00000-0  00000+0 0  9997
2 42965  40.8314   9.1251 0751004 271.5730 277.6443  1.00254159 11729
SES-11 (ECHOSTAR 105)   
1 42967U 17063A   20358.16508096 -.00000077  00000-0  00000+0 0  9992
2 42967   0.0190 358.9488 0002606 261.2793 146.4031  1.00268442 11737
KOREASAT 5A             
1 42984U 17067A   20358.00592711 -.00000347  00000-0  00000+0 0  9995
2 42984   0.0188 353.0877 0002298 215.2256 358.9728  1.00270462 11559
ALCOMSAT 1              
1 43039U 17078A   20357.40420192 -.00000177  00000-0  00000-0 0  9997
2 43039   0.0616 227.4413 0002345  40.0926 304.6233  1.00271424 11208
SBIRS GEO-3 (USA 282)   
1 43162U 18009A   20358.11867924 -.00000281  00000-0  00000+0 0  9991
2 43162   4.5921 317.0607 0002144 300.2572  16.5309  1.00272016 10760
AL YAH 3                
1 43174U 18012A   20358.16993743 -.00000144  00000-0  00000+0 0  9990
2 43174   0.0151 327.2005 0002015 305.5028 220.5316  1.00270743 10765
SES-14                  
1 43175U 18012B   20357.97391145 -.00000268  00000-0  00000+0 0  9994
2 43175   0.0118 347.7945 0001102 274.9959 132.2856  1.00271772 10982
GOES 17                 
1 43226U 18022A   20357.49879125  .00000107  00000-0  00000-0 0  9990
2 43226   0.0517 234.2324 0000432  21.0717 238.5413  1.00273306 10334
HISPASAT 30W-6          
1 43228U 18023A   20358.16993743 -.00000205  00000-0  00000+0 0  9990
2 43228   0.0413  41.8110 0002569 259.0237 182.5213  1.00271296 10421
SUPERBIRD 8             
1 43271U 18033A   20357.45636692 -.00000084  00000-0  00000-0 0  9993
2 43271   0.0204 270.3319 0000815  32.0892 115.3207  1.00271710  9960
HYLAS 4                 
1 43272U 18033B   20357.47416528 -.00000225  00000-0  00000-0 0  9997
2 43272   0.0714 120.2095 0003146  79.0508  29.3950  1.00270289 10002
IRNSS-1I                
1 43286U 18035A   20356.89077154  .00000104  00000-0  00000-0 0  9992
2 43286  28.7226 106.2900 0021943 181.8153 178.4601  1.00271140  9996
USA 283                 
1 43339U 18036A   20357.58503628 -.00000308  00000-0  00000+0 0  9995
2 43339   0.0249 180.0427 0000504 100.3152 155.9406  1.00271119  5234
COSMOS 2526             
1 43432U 18037A   20358.00889312 -.00000334  00000-0  00000+0 0  9994
2 43432   0.0242  75.6148 0000661 266.9991 240.6768  1.00269634  9881
APSTAR 6C               
1 43450U 18041A   20357.67896595 -.00000308  00000-0  00000+0 0  9993
2 43450   0.0068 280.2781 0002927 334.9007 214.9208  1.00269062  9760
BANGABANDHUSAT-1        
1 43463U 18044A   20358.07859476 -.00000351  00000-0  00000+0 0  9990
2 43463   0.0172  41.2409 0002131 231.6079 326.6175  1.00270407  9658
SES-12                  
1 43488U 18049A   20358.14559207 -.00000258  00000-0  00000+0 0  9995
2 43488   0.0262  53.7029 0002353 216.4529 329.4004  1.00272381  9349
FENGYUN 2H              
1 43491U 18050A   20358.20257652 -.00000118  00000-0  00000+0 0  9992
2 43491   0.2170 259.3867 0002579 242.7558 102.3549  1.00273018  9431
BEIDOU IGSO-7           
1 43539U 18057A   20357.82950792 -.00000044  00000-0  00000+0 0  9992
2 43539  55.0478 180.5461 0030879 212.1737 112.7077  1.00267471  9079
TELSTAR 19V             
1 43562U 18059A   20357.89888841 -.00000269  00000-0  00000+0 0  9991
2 43562   0.0123 352.8298 0002089 197.6760 161.9796  1.00271806  9081
TELKOM 4 (MERAH PUTIH)  
1 43587U 18064A   20357.28704383 -.00000336  00000-0  00000-0 0  9991
2 43587   0.0224  70.6443 0001233 213.3368  18.6316  1.00270836  8781
TELSTAR 18V (APSTAR 5C) 
1 43611U 18069A   20357.93910426 -.00000283  00000-0  00000+0 0  9993
2 43611   0.0184 358.9451 0002097 258.9924 310.0743  1.00273660  8531
AZERSPACE 2 (IS-38)     
1 43632U 18074A   20358.13590887  .00000148  00000-0  00000+0 0  9999
2 43632   0.0186  22.5372 0001405 248.6592 274.9806  1.00272505  8402
HORIZONS 3E             
1 43633U 18074B   20358.18890684 -.00000019  00000-0  00000+0 0  9991
2 43633   0.0241 185.8553 0000591  72.1973  71.1318  1.00272181  8244
AEHF-4 (USA 288)        
1 43651U 18079A   20357.73814174  .00000138  00000-0  00000+0 0  9997
2 43651   3.4963 311.5617 0003648 278.1039 337.8777  1.00278368  8219
BEIDOU-3 G1             
1 43683U 18085A   20358.23243961 -.00000264  00000-0  00000+0 0  9996
2 43683   1.3713 244.3666 0004253   3.1491  68.3992  1.00275642  7993
GSAT-29                 
1 43698U 18089A   20357.52421970  .00000093  00000-0  00000-0 0  9995
2 43698   0.0651 101.9220 0003622 150.4292  82.9827  1.00273502  7705
ES'HAIL 2               
1 43700U 18090A   20357.77312341  .00000154  00000-0  00000+0 0  9996
2 43700   0.0186  25.2303 0001526 270.0658 100.5864  1.00272456  7848
GEO-KOMPSAT-2A          
1 43823U 18100A   20357.43473455 -.00000335  00000-0  00000-0 0  9994
2 43823   0.0433 231.5080 0002189  38.1247 106.5708  1.00270764  7535
GSAT-11                 
1 43824U 18100B   20357.78280663 -.00000067  00000-0  00000+0 0  9991
2 43824   0.0487 277.8522 0003880 200.1940 329.5540  1.00270933  7550
GSAT-7A                 
1 43864U 18105A   20357.43243969  .00000034  00000-0  00000-0 0  9994
2 43864   0.0602 101.1152 0002209 150.0938  58.7040  1.00273823  7383
COSMOS 2533             
1 43867U 18107A   20357.78202149 -.00000029  00000-0  00000+0 0  9996
2 43867   0.0401  96.8081 0000589 328.2522  18.2493  1.00271795  7357
TJS-3                   
1 43874U 18110A   20357.44399822 -.00000314  00000-0  00000-0 0  9994
2 43874   0.0763 262.0229 0000561  77.8444  19.4460  1.00089261  7337
TJS-3 AKM               
1 43917U 18110C   20357.52074785  .00000064  00000-0  00000-0 0  9990
2 43917   0.3527 104.6107 0001450 120.0866 113.3868  1.00275166  7279
CHINASAT 2D (ZX 2D)     
1 43920U 19001A   20357.43499626 -.00000328  00000-0  00000-0 0  9993
2 43920   0.0518 109.2825 0001172 356.6309 272.1441  1.00273319 33995
HELLAS-SAT 4 & SGS-1    
1 44034U 19007A   20357.77574050  .00000163  00000-0  00000+0 0  9993
2 44034   0.0719 126.0757 0004292  48.9201 235.0168  1.00270245  7275
GSAT-31                 
1 44035U 19007B   20357.77739799  .00000135  00000-0  00000+0 0  9996
2 44035   0.0984  98.3214 0004995 171.3607 149.8372  1.00272111  6890
NUSANTARA SATU          
1 44048U 19009A   20357.94058727 -.00000224  00000-0  00000+0 0  9996
2 44048   0.0120  25.1862 0001925 246.7175 304.6515  1.00270839  6693
CHINASAT 6C (ZX 6C)     
1 44067U 19012A   20357.43508351 -.00000329  00000-0  00000-0 0  9995
2 44067   0.0825 261.6117 0003137 357.4866 118.9743  1.00270849  6656
WGS 10 (USA 291)        
1 44071U 19014A   20357.51033410  .00000055  00000-0  00000+0 0  9994
2 44071   0.0975  98.2294 0000433  56.5832 180.7523  1.00271439  6528
TIANLIAN 2-01           
1 44076U 19017A   20358.14297499 -.00000124  00000-0  00000+0 0  9999
2 44076   1.5577 284.5927 0030617 222.3663  76.6989  1.00271535  6539
ARABSAT-6A              
1 44186U 19021A   20357.77408302  .00000163  00000-0  00000+0 0  9993
2 44186   0.0325 349.8658 0005349 287.1646 123.8757  1.00268950  6081
BEIDOU-3 IGSO-1         
1 44204U 19023A   20357.41068005 -.00000231  00000-0  00000+0 0  9996
2 44204  55.7658  58.8571 0018332 198.2426  94.8582  1.00292829  6279
BEIDOU-2 G8             
1 44231U 19027A   20357.44485288 -.00000238  00000-0  00000-0 0  9997
2 44231   0.5673 307.2676 0008082 274.3233 174.6028  1.00271250  6002
YAMAL 601               
1 44307U 19031A   20357.52421970  .00000129  00000-0  00000-0 0  9991
2 44307   0.0183  81.4206 0001685 192.6876  55.1342  1.00271754  5868
AT&T T-16               
1 44333U 19034A   20358.16754814 -.00000104  00000-0  00000+0 0  9993
2 44333   0.0159 330.3075 0000461 158.7864 282.5233  1.00269416  5565
EUTELSAT 7C             
1 44334U 19034B   20358.14563434  .00000059  00000-0  00000+0 0  9996
2 44334   0.0165 313.9598 0003298 300.8553 256.7656  1.00271041  6050
BEIDOU-3 IGSO-2         
1 44337U 19035A   20357.93308497 -.00000031  00000-0  00000+0 0  9993
2 44337  55.0756 176.5888 0016582 184.1812 174.0955  1.00283942  5613
COSMOS 2539             
1 44457U 19048A   20357.77041910  .00000091  00000-0  00000+0 0  9991
2 44457   0.0359  92.5408 0000206 180.9912 107.5847  1.00272804  5156
EDRS-C                  
1 44475U 19049A   20356.66146644  .00000160  00000-0  00000-0 0  9997
2 44475   0.0628 279.6508 0000735 330.1441 110.1949  1.00270328  5115
INTELSAT 39 (IS-39)     
1 44476U 19049B   20357.43243969  .00000042  00000-0  00000-0 0  9991
2 44476   0.0181 339.0187 0001279 171.8547 158.1933  1.00271335  5074
AMOS-17                 
1 44479U 19050A   20357.77137869  .00000119  00000-0  00000+0 0  9998
2 44479   0.0187 346.2881 0002024 276.7447 123.4320  1.00272274  5110
AEHF-5 (USA 292)        
1 44481U 19051A   20357.51033410  .00000090  00000-0  00000+0 0  9999
2 44481   5.5754 307.0434 0003937 316.9205  65.9240  1.00278136  5186
EUTELSAT 5 WEST B       
1 44624U 19067A   20357.44007887 -.00000033  00000-0  00000-0 0  9995
2 44624   0.0685 337.7331 0001354 239.8222  27.3233  1.00273386  4373
TJS-4                   
1 44637U 19070A   20357.42574924 -.00000161  00000-0  00000-0 0  9994
2 44637   0.0782  92.8127 0001803 185.2403  50.1778  1.00270415  4481
BEIDOU-3 IGSO-3         
1 44709U 19073A   20357.28704383 -.00000189  00000-0  00000-0 0  9995
2 44709  58.1187 301.9768 0020301 197.5766 163.2071  1.00276503  4375
TIBA-1                  
1 44800U 19080A   20357.36994131  .00000164  00000-0  00000-0 0  9998
2 44800   0.0507   5.4149 0002115 260.5893 353.9989  1.00270563  3974
INMARSAT GX5            
1 44801U 19080B   20357.43452174  .00000084  00000-0  00000-0 0  9994
2 44801   0.0727  77.8622 0002435 201.2380 339.7593  1.00273362  4026
JCSAT-18 (KACIFIC 1)    
1 44868U 19091A   20358.04077252 -.00000190  00000-0  00000+0 0  9995
2 44868   0.0458 152.2548 0000718 150.5583 313.8800  1.00270294  4012
ELEKTRO-L 3             
1 44903U 19095A   20357.42688253 -.00000088  00000-0  00000-0 0  9996
2 44903   0.0684 157.6287 0000592 104.8422  58.7014  1.00271245  3632
SHIJIAN-20 (SJ-20)      
1 44910U 19097A   20357.70800375 -.00000345  00000-0  00000+0 0  9993
2 44910   0.5528  95.3723 0026134 192.3194 183.4162  1.00270808  3615
TJS-5                   
1 44978U 20002A   20357.52869779  .00000051  00000-0  00000-0 0  9992
2 44978   0.1997 282.0861 0000885 353.0867 185.1033  1.00272474  3629
GSAT-30                 
1 45026U 20005A   20357.42566201 -.00000156  00000-0  00000-0 0  9990
2 45026   0.0158   4.4561 0001508 115.7781 207.4581  1.00269599  3435
EUTELSAT KONNECT        
1 45027U 20005B   20357.76945951  .00000060  00000-0  00000+0 0  9993
2 45027   0.0431  86.3488 0000341 175.0311 114.6172  1.00271866  4255
JCSAT-17                
1 45245U 20013A   20356.32693875 -.00000314  00000-0  00000-0 0  9994
2 45245   6.7037 344.0701 0003743 297.7622  62.2336  1.00272545  3142
GEO-KOMPSAT-2B          
1 45246U 20013B   20358.00889312 -.00000333  00000-0  00000+0 0  9995
2 45246   0.0052 102.0433 0000330 319.0231 162.3970  1.00271014  3173
BEIDOU-3 G2             
1 45344U 20017A   20357.78402793 -.00000132  00000-0  00000+0 0  9993
2 45344   2.6733 332.1203 0000970 302.1757 179.7903  1.00272446  3193
AEHF-6 (USA 298)        
1 45465U 20022B   20357.89278189 -.00000152  00000-0  00000+0 0  9997
2 45465   7.1560 307.5688 0003640 332.6212  38.9388  1.00273017  2916
BEIDOU-3 G3             
1 45807U 20040A   20357.57474850 -.00000344  00000-0  00000-0 0  9999
2 45807   2.6906 298.3967 0009601  13.7983  96.8598  1.00270209  2008
APSTAR 6D               
1 45863U 20045A   20357.86652382 -.00000308  00000-0  00000+0 0  9995
2 45863   0.0738 108.5866 0000517 119.2403 309.9591  1.00267896  1784
KOREASAT 116            
1 45920U 20048A   20357.79118128 -.00000352  00000-0  00000+0 0  9998
2 45920   0.0171 339.1485 0000987 278.9209 234.7579  1.00273583  1574
2020-053A               
1 45985U 20053A   20356.99972595 -.00000360  00000-0  10000-3 0  9996
2 45985   0.1778 245.0600 0424091 218.4996  89.4439  1.00226956  1551
2020-053B               
1 45986U 20053B   20357.13848075 -.00000191  00000-0  00000-0 0  9997
2 45986   0.1681 243.2169 0183544 219.6720 119.0927  1.00254453  1553
BSAT-4B                 
1 46112U 20056A   20357.35927532 -.00000342  00000-0  00000-0 0  9990
2 46112   0.0598 145.4096 0001837  41.8343 143.2751  1.00274319  1303
GALAXY 30               
1 46114U 20056C   20357.94145963 -.00000018  00000-0  00000+0 0  9996
2 46114   0.0123  42.6583 0000557 241.5217 296.3637  1.01208533  1348
