STARLETTE               
1 07646U 75010A   20358.12761446 -.00000150  00000-0 -68159-5 0  9997
2 07646  49.8269  86.7876 0205769 289.4138  68.4621 13.82308466317581
LAGEOS 1                
1 08820U 76039A   20357.35407177  .00000003  00000-0  00000-0 0  9997
2 08820 109.8123 213.2863 0044855  10.2190 174.7408  6.38664715785544
AJISAI (EGS)            
1 16908U 86061A   20357.50684365 -.00000101  00000-0 -21723-4 0  9992
2 16908  50.0070 185.4500 0011554 122.1416 332.0449 12.44493283231151
COSMOS 1989 (ETALON 1)  
1 19751U 89001C   20357.58581270  .00000069  00000-0  00000+0 0  9998
2 19751  64.2078 141.0113 0022961 211.2186 235.1496  2.13156336248750
COSMOS 2024 (ETALON 2)  
1 20026U 89039C   20357.44296580 -.00000059  00000-0  00000-0 0  9999
2 20026  65.5231  18.7535 0018346 220.4957 295.7251  2.13204415245806
LAGEOS 2                
1 22195U 92070B   20358.18298564 -.00000009  00000-0  00000+0 0  9997
2 22195  52.6595  91.8734 0137342  31.9548 316.9857  6.47293747666012
STELLA                  
1 22824U 93061B   20357.48722727 -.00000038  00000-0  37532-5 0  9990
2 22824  98.9730 353.1210 0005394 286.4453 193.4946 14.27382680419061
LARES                   
1 38077U 12006A   20357.53248253 -.00000051  00000-0 -76830-4 0  9999
2 38077  69.4936 112.9541 0007620 147.2189 212.9328 12.54931016405912
