COSMOS 2425 (716)       
1 29670U 06062A   20356.71798286 -.00000031  00000-0  00000-0 0  9997
2 29670  64.8945 261.4578 0024487 345.8786 245.7090  2.13107725108881
COSMOS 2433 (720)       
1 32275U 07052A   20357.31147230 -.00000061  00000-0  00000-0 0  9999
2 32275  66.0291  22.6727 0005303 247.0319 260.1331  2.13104265102416
COSMOS 2432 (719)       
1 32276U 07052B   20357.35672221 -.00000061  00000-0  00000-0 0  9997
2 32276  66.0420  22.7638 0010531 315.3611 176.2209  2.13103511102410
COSMOS 2434 (721)       
1 32393U 07065A   20357.44990388 -.00000029  00000-0  00000-0 0  9992
2 32393  64.5113 259.9719 0002506  72.6415  68.6513  2.13103032101121
COSMOS 2436 (723)       
1 32395U 07065C   20357.34275674 -.00000029  00000-0  00000-0 0  9997
2 32395  64.5209 260.0274 0015436 358.1329 197.1326  2.13102944101053
COSMOS 2456 (730)       
1 36111U 09070A   20357.61413846  .00000066  00000-0  00000+0 0  9999
2 36111  64.2511 139.6460 0002150 353.3023  86.8834  2.13099159 85794
COSMOS 2457 (733)       
1 36112U 09070B   20357.68072545  .00000066  00000-0  00000+0 0  9994
2 36112  64.2332 139.5329 0006799 148.0277 106.2022  2.13101404 85795
COSMOS 2459 (731)       
1 36400U 10007A   20357.97515800 -.00000057  00000-0  00000+0 0  9995
2 36400  65.9286  21.5967 0024843 343.6544 168.6864  2.13104960 84143
COSMOS 2461 (735)       
1 36401U 10007B   20358.00575263 -.00000056  00000-0  00000+0 0  9999
2 36401  65.9235  21.5606 0018860 359.8263 178.1145  2.13103570 84152
COSMOS 2460 (732)       
1 36402U 10007C   20357.50670774 -.00000059  00000-0  00000-0 0  9991
2 36402  65.9101  21.5380 0002513 253.4041 204.7209  2.13106462 84144
COSMOS 2464 (736)       
1 37139U 10041C   20357.34958846 -.00000029  00000-0  00000-0 0  9995
2 37139  64.1115 259.3212 0027970   9.2021 277.3534  2.13100769 80194
COSMOS 2471 (701K)      
1 37372U 11009A   20358.10651029 -.00000056  00000-0  00000+0 0  9996
2 37372  65.9095  21.4580 0010810 230.2993 131.4319  2.13107425 76433
COSMOS 2476 (744)       
1 37867U 11064A   20357.72959054  .00000069  00000-0  00000+0 0  9995
2 37867  64.5477 140.7860 0018677 231.5703 197.9840  2.13101801 71140
COSMOS 2477 (745)       
1 37868U 11064B   20357.39571242  .00000070  00000-0  00000-0 0  9991
2 37868  64.5563 140.8556 0015971 231.9865 119.8564  2.13101680 71081
COSMOS 2475 (743)       
1 37869U 11064C   20357.47691874  .00000070  00000-0  00000-0 0  9995
2 37869  64.5640 140.8557 0019581 255.9571 115.7510  2.13101791 71102
COSMOS 2485 (747)       
1 39155U 13019A   20357.41098264  .00000070  00000-0  00000-0 0  9995
2 39155  64.7150 141.1064 0019399 227.2970   2.3718  2.13101760 59607
COSMOS 2492 (754)       
1 39620U 14012A   20357.47713037 -.00000060  00000-0  00000+0 0  9993
2 39620  65.8003  21.2950 0013977 314.6717   0.6782  2.13103249 52554
COSMOS 2500 (755)       
1 40001U 14032A   20357.48429899 -.00000060  00000-0  00000+0 0  9991
2 40001  65.7415  21.1973 0008332 215.4183 325.4891  2.13102454 50771
COSMOS 2501 (702K)      
1 40315U 14075A   20357.35123198 -.00000030  00000-0  00000-0 0  9993
2 40315  63.8260 260.1956 0016410 212.5034  32.0614  2.13101316 47171
COSMOS 2514 (751)       
1 41330U 16008A   20357.41008017 -.00000061  00000-0  00000-0 0  9992
2 41330  65.5430  21.0244 0012013 221.8424  84.9281  2.13102786 37933
COSMOS 2516 (753)       
1 41554U 16032A   20357.39287205 -.00000030  00000-0  00000-0 0  9998
2 41554  64.0506 260.3177 0012900 222.8212 322.2801  2.13104682 35541
COSMOS 2522 (752)       
1 42939U 17055A   20358.16472301 -.00000026  00000-0  00000+0 0  9995
2 42939  64.2825 260.5276 0007062 255.3493  28.1613  2.13102054 25310
COSMOS 2527 (756)       
1 43508U 18053A   20357.61076138  .00000070  00000-0  00000+0 0  9992
2 43508  64.8790 140.9867 0006488 213.2152  37.2945  2.13102544 19599
COSMOS 2529 (757)       
1 43687U 18086A   20358.04993344 -.00000027  00000-0  00000+0 0  9994
2 43687  64.4959 260.7015 0010251 276.4962 234.5303  2.13102099 16625
COSMOS 2534 (758)       
1 44299U 19030A   20357.46994582 -.00000030  00000-0  00000+0 0  9998
2 44299  64.5671 260.5559 0013665 292.4902 268.5305  2.13101950 12251
COSMOS 2544 (759)       
1 44850U 19088A   20357.65146098  .00000069  00000-0  00000+0 0  9997
2 44850  64.8635 140.8487 0009442 258.1782  67.4637  2.13102285  8037
COSMOS 2545 (760)       
1 45358U 20018A   20357.34742229 -.00000063  00000-0  00000-0 0  9996
2 45358  64.8719  22.0835 0011425 249.8936  52.7377  2.13102608  5971
