GORIZONT 1 [-]          
1 11158U 78118A   20358.00347024 -.00000216  00000-0  00000+0 0  9998
2 11158  11.7218 227.4190 3577674 251.2322  67.2856  1.00252535102841
GORIZONT 2 [-]          
1 11440U 79062A   20357.42348110 -.00000070  00000-0  00000-0 0  9992
2 11440  10.5059 308.2881 0004179 320.3424  47.5827  1.00306624117948
GORIZONT 3 [-]          
1 11648U 79105A   20357.35875191 -.00000342  00000-0  00000-0 0  9998
2 11648  10.6502 309.6020 0010643 201.6376 176.8018  1.00296358102407
GORIZONT 4 [-]          
1 11841U 80049A   20357.32618844 -.00000106  00000-0  00000-0 0  9997
2 11841  11.7569 314.8325 0003624 352.5199 194.7701  0.98628951213767
GORIZONT 5 [-]          
1 13092U 82020A   20357.59280637 -.00000094  00000-0  00000+0 0  9997
2 13092  12.6740 319.8889 0031225 197.4372 349.3085  0.98532541101842
GORIZONT 6 [-]          
1 13624U 82103A   20357.25877932 -.00000243  00000-0  00000-0 0  9990
2 13624  11.5718 319.8202 0000672  38.3625 152.6153  1.00250319100867
GORIZONT 7 [-]          
1 14160U 83066A   20357.13068340 -.00000093  00000-0  00000-0 0  9990
2 14160  13.0965 328.5597 0011880 313.4376  62.3825  0.98348173135055
GORIZONT 8 [-]          
1 14532U 83118A   20357.44136904 -.00000015  00000-0  00000-0 0  9991
2 14532  13.2340 330.3010 0027247 130.1282  50.1469  0.98268394100824
GORIZONT 9 [-]          
1 14940U 84041A   20357.04007745  .00000050  00000-0  00000-0 0  9994
2 14940  12.4400 328.5461 0002127 227.2009 328.0069  1.00240127101854
GORIZONT 10 [-]         
1 15144U 84078A   20357.25799420 -.00000261  00000-0  00000-0 0  9997
2 15144  12.5172 329.5340 0003000   0.0899 176.5070  1.00303153134493
GORIZONT 11 [-]         
1 15484U 85007A   20357.19056069 -.00000139  00000-0  00000-0 0  9999
2 15484  12.6539 331.4375 0002429  61.3237 110.9231  1.00286910132544
GORIZONT 12 [-]         
1 16769U 86044A   20358.17130896  .00000127  00000-0  00000+0 0  9993
2 16769  13.1602 336.6046 0002760 326.4407 251.7637  1.00292576127196
GORIZONT 13 [-]         
1 17083U 86090A   20357.09451375 -.00000087  00000-0  00000-0 0  9999
2 17083  14.9000 343.3740 0017222 328.8004  36.6511  0.96725668 99276
GORIZONT 14 [-]         
1 17969U 87040A   20357.56209927 -.00000065  00000-0  00000+0 0  9999
2 17969  14.0423 335.1243 0027811 157.6039 208.8603  0.97657983100292
GORIZONT 15 [-]         
1 19017U 88028A   20357.72924365 -.00000194  00000-0  00000+0 0  9993
2 19017  15.1017 346.3712 0033683 139.4740  33.7369  0.97830573 99890
GORIZONT 16 [-]         
1 19397U 88071A   20357.09259456  .00000103  00000-0  00000-0 0  9994
2 19397  13.9701 345.1169 0015994  32.9016 319.0848  0.99975149118208
GORIZONT 17 [-]         
1 19765U 89004A   20357.89749264 -.00000143  00000-0  00000+0 0  9993
2 19765  14.4364 348.3107 0020273 109.7963 246.3846  0.99065128115737
GORIZONT 18 [-]         
1 20107U 89052A   20357.39643789 -.00000219  00000-0  00000-0 0  9993
2 20107  14.4436 349.6018 0036649 306.1887 235.3665  0.99400303114505
GORIZONT 19 [-]         
1 20263U 89081A   20357.93404456 -.00000368  00000-0  00000+0 0  9998
2 20263  14.1870 348.8701 0003034 305.8678 246.5407  1.00288559114411
GORIZONT 20 [-]         
1 20659U 90054A   20357.99903545 -.00000130  00000-0  00000+0 0  9995
2 20659  14.5465 351.7401 0003549 142.8492  35.8005  1.00223355111602
GORIZONT 21 [-]         
1 20923U 90094A   20358.19744934  .00000102  00000-0  00000+0 0  9999
2 20923  14.5349 352.5368 0001909 237.8725 132.1668  1.00206351110365
GORIZONT 22 [-]         
1 20953U 90102A   20357.29873667 -.00000015  00000-0  00000-0 0  9993
2 20953  14.4885 352.8692 0005842 351.7983 215.6414  1.00280831110289
GORIZONT 23 [-]         
1 21533U 91046A   20357.42923868 -.00000094  00000-0  00000-0 0  9997
2 21533  15.1414 356.8659 0006995 316.4270  33.6278  0.98906881 26877
GORIZONT 24 [-]         
1 21759U 91074A   20356.86105678 -.00000202  00000-0  00000+0 0  9996
2 21759  15.2440 358.6788 0015831 219.3553 314.2131  0.98444266105311
GORIZONT 25 [-]         
1 21922U 92017A   20357.13344135  .00000083  00000-0  00000-0 0  9997
2 21922  14.7981 358.1433 0028711  58.5479 307.5747  0.99846762104944
GORIZONT 26 [-]         
1 22041U 92043A   20357.26244324 -.00000243  00000-0  00000-0 0  9991
2 22041  14.9143   0.0268 0029433 225.5262 304.5168  0.99246330103595
GORIZONT 27 [-]         
1 22245U 92082A   20357.03043304 -.00000133  00000-0  00000-0 0  9998
2 22245  14.8370 359.8171 0015390 348.1289  15.1637  1.00144909107051
GORIZONT 28 [-]         
1 22880U 93069A   20357.36738828 -.00000296  00000-0  00000-0 0  9997
2 22880  14.8684   3.5116 0031264 112.9634 258.7393  0.99658812 99172
GORIZONT 29 [-]         
1 22907U 93072A   20358.03819817 -.00000293  00000-0  00000+0 0  9990
2 22907  14.7932   3.0496 0013583 329.0861  72.1487  1.00133375 99155
GORIZONT 30 [-]         
1 23108U 94030A   20357.23449733 -.00000048  00000-0  00000-0 0  9995
2 23108  14.7793   3.9943 0001950 319.8701 208.8794  1.00291708 97371
GORIZONT 31 [-]         
1 23775U 96005A   20357.26671781 -.00000050  00000-0  00000-0 0  9995
2 23775  14.5102   9.9914 0016094 191.6572 351.7370  0.99898144 91044
GORIZONT 32 [-]         
1 23880U 96034A   20357.06445513 -.00000047  00000-0  00000-0 0  9990
2 23880  14.4421  10.5438 0011658 335.1443 199.9860  1.00136237 89961
GORIZONT 33 [-]         
1 26372U 00029A   20357.70329363  .00000018  00000-0  00000+0 0  9999
2 26372  12.8367  21.2331 0003290  10.3734 131.4975  1.00268774 75336
