INTELSAT 26 (IS-26)     
1 24732U 97007A   20357.70891763  .00000009  00000-0  00000+0 0  9997
2 24732   9.3044  41.8870 0002822 257.1489 111.5270  1.00271652 87206
GALAXY 25 (G-25)        
1 24812U 97026A   20358.06167095  .00000165  00000-0  00000+0 0  9994
2 24812   2.3713  88.8034 0003860 193.0538 225.2590  1.00272865 86293
INTELSAT 5 (IS-5)       
1 24916U 97046A   20357.66600097  .00000096  00000-0  00000+0 0  9993
2 24916   6.0944  64.4999 0003977 195.9551 293.9778  1.00269554 85537
INTELSAT 805 (IS-805)   
1 25371U 98037A   20357.68042615  .00000070  00000-0  00000+0 0  9990
2 25371   2.9041  86.2551 0011574 112.0799  22.9098  0.99473127 82451
GALAXY 11 (G-11)        
1 26038U 99071A   20358.17136635 -.00000152  00000-0  00000+0 0  9993
2 26038   1.6780  94.9725 0000399 346.1472 339.6523  1.00271701 77001
INTELSAT 9 (IS-9)       
1 26451U 00043A   20357.46597692 -.00000281  00000-0  00000-0 0  9992
2 26451   6.0828  64.6994 0003103 202.3064 302.2372  1.00271507 24060
INTELSAT 12 (IS-12)     
1 26590U 00068A   20358.13974726  .00000023  00000-0  00000+0 0  9997
2 26590   3.3752  84.5843 0003787 182.8487 299.2442  1.00271152 73729
INTELSAT 1R (IS-1R)     
1 26608U 00072A   20358.03521550 -.00000128  00000-0  00000+0 0  9991
2 26608   3.1254  84.7478 0000250 266.4598 270.6085  1.00271509 73579
INTELSAT 10 (IS-10)     
1 26766U 01019A   20357.77739799  .00000132  00000-0  00000+0 0  9998
2 26766   4.3197  77.6608 0003742 192.6203 148.8591  1.00273082 71856
INTELSAT 901 (IS-901)   
1 26824U 01024A   20358.12923162 -.00000191  00000-0  00000+0 0  9994
2 26824   0.0164 325.1190 0000998 304.7973 201.2406  1.00270923 71518
INTELSAT 902 (IS-902)   
1 26900U 01039A   20358.14247956 -.00000271  00000-0  00000+0 0  9996
2 26900   1.0710  94.7717 0003043 187.3737 171.1886  1.00272363 70697
DIRECTV 4S              
1 26985U 01052A   20357.41135229  .00000088  00000-0  00000-0 0  9998
2 26985   1.1617  93.7346 0001924 291.2563  72.9072  0.99263152 31192
INTELSAT 904 (IS-904)   
1 27380U 02007A   20358.13133714 -.00000203  00000-0  00000+0 0  9995
2 27380   1.9096  91.4789 0003356 185.1974 193.2299  1.00271866 69019
INTELSAT 903 (IS-903)   
1 27403U 02016A   20357.75829328 -.00000199  00000-0  00000+0 0  9995
2 27403   2.6939  86.9026 0004244 187.9617  41.3058  0.99022517 68539
DIRECTV 5 (TEMPO 1)     
1 27426U 02023A   20357.44334944 -.00000047  00000-0  00000-0 0  9992
2 27426   0.0176  19.6849 0003224 258.7487 222.4992  1.00273009 68169
INTELSAT 905 (IS-905)   
1 27438U 02027A   20358.12832878 -.00000174  00000-0  00000+0 0  9994
2 27438   1.7305  92.3230 0002677 177.8988 203.6097  1.00270996 67892
GALAXY 3C (G-3C)        
1 27445U 02030A   20357.35993774 -.00000142  00000-0  00000-0 0  9999
2 27445   0.0195 316.1982 0001782   4.4094 165.2935  1.00268997 26425
INTELSAT 906 (IS-906)   
1 27513U 02041A   20357.50651245  .00000023  00000-0  00000-0 0  9995
2 27513   0.7341  96.9483 0003366 185.9302  55.1264  1.00271622 66949
INTELSAT 907 (IS-907)   
1 27683U 03007A   20357.47875422 -.00000052  00000-0  00000-0 0  9990
2 27683   0.6328  89.1084 0000334 113.3623 253.8070  0.99161693 65332
GALAXY 12 (G-12)        
1 27715U 03013B   20357.50530333  .00000067  00000-0  00000-0 0  9991
2 27715   1.9438  90.8968 0001864 182.3701 231.1550  1.00273062 32014
GALAXY 23 (G-23)        
1 27854U 03034A   20358.15524069  .00000024  00000-0  00000+0 0  9991
2 27854   0.0435 277.5535 0003104 356.8887 112.6118  1.00271109 68473
GALAXY 13 (HORIZONS 1)  
1 27954U 03044A   20358.02982979  .00000060  00000-0  00000+0 0  9997
2 27954   0.0241 323.5985 0002647 222.1575 149.9596  1.00266418 63071
DIRECTV 7S              
1 28238U 04016A   20357.51147421  .00000010  00000-0  00000-0 0  9997
2 28238   0.0149  50.1497 0002466 295.2506 171.1733  1.00273160 60988
INTELSAT 10-02          
1 28358U 04022A   20357.40882543 -.00000002  00000-0  00000-0 0  9998
2 28358   0.0267 271.3232 0002666   5.2280 321.0729  1.00271215 60526
XM-3 (RHYTHM)           
1 28626U 05008A   20358.04076937 -.00000195  00000-0  00000+0 0  9996
2 28626   0.0198  16.4079 0000170 178.3237 186.8759  1.00271193 57998
SPACEWAY 1              
1 28644U 05015A   20358.09007664 -.00000136  00000-0  00000+0 0  9995
2 28644   1.5753  92.2445 0002219  65.5357 276.4499  0.98491521 57381
DIRECTV 8               
1 28659U 05019A   20357.51147490  .00000011  00000-0  00000-0 0  9995
2 28659   0.0144 297.5549 0002934 334.2697 244.7739  1.00271257 57041
GALAXY 28 (G-28)        
1 28702U 05022A   20358.20209315 -.00000174  00000-0  00000+0 0  9990
2 28702   0.0142  79.9166 0001607 235.3939 120.6459  1.00272305 56754
GALAXY 14 (G-14)        
1 28790U 05030A   20357.50790867  .00000046  00000-0  00000-0 0  9993
2 28790   0.0337 310.9284 0002505 316.5862 241.8461  1.00271166 56237
GALAXY 15 (G-15)        
1 28884U 05041A   20358.20852632  .00000090  00000-0  00000+0 0  9994
2 28884   0.0206 306.8830 0001740 323.9376 123.4564  1.00273195 55556
SPACEWAY 2              
1 28903U 05046B   20357.49749139  .00000113  00000-0  00000-0 0  9995
2 28903   0.6329  92.8742 0000248 240.8024 158.0201  1.00272428 31265
GALAXY 16 (G-16)        
1 29236U 06023A   20357.67637856 -.00000117  00000-0  00000+0 0  9997
2 29236   0.0120 309.1822 0002621 323.1675 323.8187  1.00271672 53185
DIRECTV 9S              
1 29494U 06043A   20358.16673208 -.00000102  00000-0  00000+0 0  9995
2 29494   0.0296 239.6692 0002665  26.4628 144.8506  1.00276180 52034
XM-4 (BLUES)            
1 29520U 06049A   20357.68024576 -.00000013  00000-0  00000+0 0  9996
2 29520   0.0130  25.3069 0000191 256.3293 299.6540  1.00270986 51914
GALAXY 17 (G-17)        
1 31307U 07016B   20357.48926260 -.00000165  00000-0  00000-0 0  9995
2 31307   0.0092 356.4411 0003081 281.4735 258.7144  1.00270079 49856
DIRECTV 10              
1 31862U 07032A   20357.67576792 -.00000094  00000-0  00000+0 0  9991
2 31862   0.0242 171.1994 0000278  41.4768  19.4859  1.00272798 49329
SPACEWAY 3              
1 32018U 07036A   20357.96440272 -.00000141  00000-0  00000+0 0  9997
2 32018   0.0333 150.5772 0000326  37.7730 155.8387  1.00271483 49051
INTELSAT 11 (IS-11)     
1 32253U 07044B   20358.11837440 -.00000258  00000-0  00000+0 0  9991
2 32253   0.0191  22.9243 0002098 274.3777 154.4204  1.00265710 48459
HORIZONS 2              
1 32388U 07063B   20358.07205205 -.00000171  00000-0  00000+0 0  9998
2 32388   0.0116 324.4331 0002664 309.4213 288.9957  1.00271788 47805
DIRECTV 11              
1 32729U 08013A   20357.60817779 -.00000117  00000-0  00000+0 0  9996
2 32729   0.0328 187.3838 0000261  20.6725   3.3230  1.00273460 46854
GALAXY 18 (G-18)        
1 32951U 08024A   20357.50878064  .00000034  00000-0  00000-0 0  9996
2 32951   0.0128 308.2431 0003015 318.4110 245.0101  1.00273710 25800
INTELSAT 25 (IS-25)     
1 33153U 08034A   20357.76178272 -.00000214  00000-0  00000+0 0  9994
2 33153   0.0253 261.2140 0003024   4.2676  69.0261  1.00272415 45563
GALAXY 19 (G-19)        
1 33376U 08045A   20358.16991341 -.00000128  00000-0  00000+0 0  9992
2 33376   0.0183  27.9794 0003054 245.8088 142.5453  1.00271270 44766
SIRIUS FM-5             
1 35493U 09034A   20358.17598181 -.00000189  00000-0  00000+0 0  9996
2 35493   0.0145 328.7556 0000202  71.0585  29.5711  1.00270828 41909
INTELSAT 14 (IS-14)     
1 36097U 09064A   20358.09007664 -.00000262  00000-0  00000+0 0  9994
2 36097   0.0119 306.8482 0002746 331.3866 161.2904  1.00272036 40624
INTELSAT 15 (IS-15)     
1 36106U 09067A   20358.07213928 -.00000174  00000-0  00000+0 0  9990
2 36106   0.0098 350.8691 0002235 279.3645 292.9554  1.00271009 40522
DIRECTV 12              
1 36131U 09075A   20358.16583354 -.00000091  00000-0  00000+0 0  9998
2 36131   0.0137 189.3742 0000288 103.8633 115.8976  1.00267636 40319
INTELSAT 16 (IS-16)     
1 36397U 10006A   20358.18149916 -.00000233  00000-0  00000+0 0  9990
2 36397   0.0172   5.1329 0002154 257.2856 178.9056  1.00272975 39660
XM-5                    
1 37185U 10053A   20357.36583477 -.00000196  00000-0  00000-0 0  9990
2 37185   0.0153 357.5041 0001449  66.6950  73.6663  1.00272153 37406
INTELSAT 17 (IS-17)     
1 37238U 10065B   20358.14009619  .00000010  00000-0  00000+0 0  9993
2 37238   0.0242 271.9669 0002897   7.2423 289.3669  1.00271951 36847
INTELSAT NEW DAWN       
1 37392U 11016A   20357.31160241  .00000164  00000-0  00000-0 0  9999
2 37392   0.0283 232.8835 0001297 352.9736  10.4389  1.00273902 33223
INTELSAT 18 (IS-18)     
1 37834U 11056A   20357.46945865  .00000062  00000-0  00000-0 0  9990
2 37834   0.0159  61.0688 0001708 214.2941 165.1161  1.00272530 33827
INTELSAT 22 (IS-22)     
1 38098U 12011A   20358.14131750 -.00000047  00000-0  00000+0 0  9994
2 38098   0.0180 314.7530 0003006 307.7902 312.5672  1.00271800 31974
INTELSAT 19 (IS-19)     
1 38356U 12030A   20357.72933088 -.00000047  00000-0  00000+0 0  9999
2 38356   0.0183  19.7272 0003016 255.6896 244.8784  1.00272112 31432
INTELSAT 20 (IS-20)     
1 38740U 12043A   20358.05049264 -.00000014  00000-0  00000+0 0  9995
2 38740   0.0212  91.3544 0002354  96.9000 350.4826  1.00271449 30754
INTELSAT 21 (IS-21)     
1 38749U 12045A   20358.19187708 -.00000273  00000-0  00000+0 0  9994
2 38749   0.0148 321.9486 0002296 302.5612 198.7512  1.00273635 30561
INTELSAT 23 (IS-23)     
1 38867U 12057A   20357.75742091 -.00000275  00000-0  00000+0 0  9993
2 38867   0.0135 298.9727 0002068 316.8513  55.6298  1.00270566 30027
SIRIUS FM-6             
1 39360U 13058A   20357.51362409 -.00000008  00000-0  00000-0 0  9994
2 39360   0.0041  10.1988 0000854 111.9884  38.0833  1.00270334 25983
INTELSAT 30 (IS-30)     
1 40271U 14062A   20358.07333211 -.00000140  00000-0  00000+0 0  9990
2 40271   0.0187 348.4315 0002282 128.6346 266.3422  1.00270309 22690
INTELSAT 34 (IS-34)     
1 40874U 15039A   20358.19336559 -.00000274  00000-0  00000+0 0  9993
2 40874   0.0023  41.5341 0000653 149.6791 275.1006  1.00270982 19548
INTELSAT 31 (IS-31)     
1 41581U 16035A   20357.60554285 -.00000141  00000-0  00000+0 0  9992
2 41581   0.0205 266.4390 0002803 293.1722  14.9390  1.00265044 16619
INTELSAT 36 (IS-36)     
1 41747U 16053A   20357.78167255 -.00000015  00000-0  00000+0 0  9992
2 41747   0.0110 359.0442 0001768  17.2616  65.3859  1.00273525 15882
INTELSAT 33E (IS-33E)   
1 41748U 16053B   20358.13887490  .00000060  00000-0  00000+0 0  9992
2 41748   0.0292  54.8584 0001885 200.4620 306.7918  1.00272417 16149
INTELSAT 32E (IS-32E)   
1 41945U 17007B   20358.13855937 -.00000258  00000-0  00000+0 0  9992
2 41945   0.0191  22.6611 0000417 143.5017 292.6712  1.00269943 14173
INTELSAT 35E (IS-35E)   
1 42818U 17041A   20358.13344365 -.00000227  00000-0  00000+0 0  9994
2 42818   0.0412 154.3731 0001709 122.3785 188.9280  1.00268860 12764
INTELSAT 37E (IS-37E)   
1 42950U 17059A   20357.76439980 -.00000131  00000-0  00000+0 0  9990
2 42950   0.0183 325.3110 0002725 298.2945  85.3410  1.00272225 11974
AZERSPACE 2 (IS-38)     
1 43632U 18074A   20358.13590887  .00000148  00000-0  00000+0 0  9999
2 43632   0.0186  22.5372 0001405 248.6592 274.9806  1.00272505  8402
HORIZONS 3E             
1 43633U 18074B   20358.18890684 -.00000019  00000-0  00000+0 0  9991
2 43633   0.0241 185.8553 0000591  72.1973  71.1318  1.00272181  8244
INTELSAT 39 (IS-39)     
1 44476U 19049B   20357.43243969  .00000042  00000-0  00000-0 0  9991
2 44476   0.0181 339.0187 0001279 171.8547 158.1933  1.00271335  5074
