IRIDIUM 106             
1 41917U 17003A   20357.32039840  .00000085  00000-0  23123-4 0  9997
2 41917  86.3990 205.4591 0002145  78.0750 282.0686 14.34217916206136
IRIDIUM 103             
1 41918U 17003B   20358.07515774  .00000094  00000-0  26545-4 0  9997
2 41918  86.3990 205.0506 0002386  92.3667 267.7802 14.34217713206272
IRIDIUM 109             
1 41919U 17003C   20358.08150084  .00000020  00000-0  20468-7 0  9998
2 41919  86.3990 205.0740 0002154  89.2935 270.8508 14.34217356206258
IRIDIUM 102             
1 41920U 17003D   20357.49163852  .00000085  00000-0  23355-4 0  9997
2 41920  86.3989 205.2871 0001962  95.7779 264.3641 14.34216929206238
IRIDIUM 105             
1 41921U 17003E   20357.46234407 -.00000002  00000-0 -79278-5 0  9997
2 41921  86.3989 173.7403 0002308  76.3816 283.7636 14.34216855208083
IRIDIUM 104             
1 41922U 17003F   20358.13224711  .00000088  00000-0  24371-4 0  9995
2 41922  86.3990 205.0318 0002217  81.5380 278.6067 14.34217153206310
IRIDIUM 114             
1 41923U 17003G   20357.65020573  .00000089  00000-0  24625-4 0  9995
2 41923  86.3990 205.2222 0001720  84.2062 275.9329 14.34217724206249
IRIDIUM 108             
1 41924U 17003H   20357.53895455  .00000004  00000-0 -56983-5 0  9993
2 41924  86.3983 173.7172 0001931  80.9181 279.2233 14.34217542208087
IRIDIUM 112             
1 41925U 17003J   20357.49799066  .00000018  00000-0 -50221-6 0  9995
2 41925  86.3986 205.2225 0001661  92.7460 267.3926 14.34215620206239
IRIDIUM 111             
1 41926U 17003K   20357.34576000  .00000042  00000-0  77754-5 0  9996
2 41926  86.3987 205.3131 0002364  90.5696 269.5770 14.34217061206182
IRIDIUM 113             
1 42803U 17039A   20358.16294334  .00000104  00000-0  30195-4 0  9994
2 42803  86.3982  78.7189 0002541  95.6536 264.4949 14.34220413184231
IRIDIUM 123             
1 42804U 17039B   20358.06488845  .00000062  00000-0  15185-4 0  9991
2 42804  86.3976 110.3393 0002245 100.8251 259.3198 14.34215308182985
IRIDIUM 120             
1 42805U 17039C   20357.31937870  .00000101  00000-0  28888-4 0  9994
2 42805  86.3972  79.1135 0002569  94.6723 265.4766 14.34220416184102
IRIDIUM 115             
1 42806U 17039D   20357.49729687  .00000131  00000-0  33078-4 0  9999
2 42806  86.4510  78.8639 0003681 133.6300 226.5206 14.43277135185409
IRIDIUM 118             
1 42807U 17039E   20357.39892314  .00000108  00000-0  31367-4 0  9990
2 42807  86.3975 110.6240 0002003 105.0625 255.0792 14.34217902182889
IRIDIUM 117             
1 42808U 17039F   20357.41794530  .00000101  00000-0  29145-4 0  9999
2 42808  86.3975 110.5912 0002421  87.3911 272.7562 14.34220210182910
IRIDIUM 126             
1 42809U 17039G   20357.79217072  .00000105  00000-0  30313-4 0  9995
2 42809  86.3976 110.4548 0002239  96.8768 263.2682 14.34217881182950
IRIDIUM 124             
1 42810U 17039H   20358.19376285  .00000105  00000-0  25261-4 0  9990
2 42810  86.4501  47.0207 0002178  84.3697 275.7752 14.43280960186351
IRIDIUM 128             
1 42811U 17039J   20358.13173637  .00000111  00000-0  32614-4 0  9998
2 42811  86.3974 141.8608 0002816  97.1763 262.9753 14.34216958183024
IRIDIUM 121             
1 42812U 17039K   20357.39258134  .00000106  00000-0  30653-4 0  9997
2 42812  86.3976 110.6383 0002276  98.9685 261.1768 14.34218687182761
IRIDIUM 133             
1 42955U 17061A   20357.46576445  .00000102  00000-0  29537-4 0  9991
2 42955  86.3975 142.2094 0002462  97.7768 262.3708 14.34216779167720
IRIDIUM 100             
1 42956U 17061B   20358.15711874  .00000102  00000-0  29384-4 0  9996
2 42956  86.3975 141.8872 0002092  92.1613 267.9823 14.34216158167840
IRIDIUM 122             
1 42957U 17061C   20357.49748079  .00000098  00000-0  27863-4 0  9994
2 42957  86.3974 142.1587 0002683  96.3450 263.8051 14.34216601167737
IRIDIUM 129             
1 42958U 17061D   20357.80191427  .00000098  00000-0  28054-4 0  9992
2 42958  86.3975 142.0768 0002454  97.3132 262.8342 14.34216419167798
IRIDIUM 119             
1 42959U 17061E   20357.49113603  .00000078  00000-0  20817-4 0  9995
2 42959  86.3976 142.1924 0002355  99.1227 261.0235 14.34215448167760
IRIDIUM 107             
1 42960U 17061F   20357.78922990  .00000108  00000-0  31664-4 0  9992
2 42960  86.3976 142.0766 0002220  92.7525 267.3925 14.34216950167827
IRIDIUM 132             
1 42961U 17061G   20357.79558920  .00000109  00000-0  31831-4 0  9999
2 42961  86.3976 142.0648 0002335  87.6450 272.5013 14.34216524167816
IRIDIUM 136             
1 42962U 17061H   20357.47845492  .00000104  00000-0  30085-4 0  9993
2 42962  86.3975 142.1973 0002308 101.2971 258.8484 14.34216547167789
IRIDIUM 139             
1 42963U 17061J   20357.48479094  .00000101  00000-0  29105-4 0  9994
2 42963  86.3976 142.2245 0002329  93.2809 266.8653 14.34216412167796
IRIDIUM 125             
1 42964U 17061K   20357.82094137  .00000109  00000-0  31712-4 0  9999
2 42964  86.3979 142.1088 0002254  91.5854 268.5600 14.34217148167857
IRIDIUM 135             
1 43070U 17083A   20357.51600763  .00000106  00000-0  30753-4 0  9997
2 43070  86.3977  78.9582 0001814  91.0966 269.0437 14.34219658157108
IRIDIUM 138             
1 43071U 17083B   20357.75068395  .00000093  00000-0  26257-4 0  9992
2 43071  86.3966  78.7362 0002370  98.4819 261.6645 14.34216230157121
IRIDIUM 116             
1 43072U 17083C   20357.50967062  .00000105  00000-0  30506-4 0  9991
2 43072  86.3976  78.9703 0001957 103.4382 256.7032 14.34217908157124
IRIDIUM 130             
1 43073U 17083D   20358.17563299  .00000090  00000-0  24985-4 0  9997
2 43073  86.3984  78.7707 0002251 100.0682 260.0768 14.34220204157161
IRIDIUM 151             
1 43074U 17083E   20357.31303719  .00000098  00000-0  28063-4 0  9991
2 43074  86.3978  79.0641 0001962 105.7970 254.3442 14.34217964157069
IRIDIUM 134             
1 43075U 17083F   20357.69995294  .00000096  00000-0  27140-4 0  9991
2 43075  86.3979  78.8822 0002295  88.9947 271.1512 14.34216543157084
IRIDIUM 137             
1 43076U 17083G   20358.20100356  .00000076  00000-0  20192-4 0  9995
2 43076  86.3980  78.7291 0001995 105.9007 254.2409 14.34214834157223
IRIDIUM 141             
1 43077U 17083H   20357.49699286  .00000089  00000-0  24590-4 0  9991
2 43077  86.3974  78.9638 0002156 103.5235 256.6201 14.34215185157126
IRIDIUM 153             
1 43078U 17083J   20357.65847500  .00000087  00000-0  24145-4 0  9998
2 43078  86.3978  47.3074 0003022 103.7652 256.3880 14.34217713158257
IRIDIUM 131             
1 43079U 17083K   20357.69361023  .00000095  00000-0  26727-4 0  9991
2 43079  86.3981  78.9338 0002396  97.9200 262.2268 14.34216374157089
IRIDIUM 144             
1 43249U 18030A   20357.66481785  .00000082  00000-0  22079-4 0  9990
2 43249  86.3975  47.2918 0002232  84.6012 275.5439 14.34217259143138
IRIDIUM 149             
1 43250U 18030B   20357.39208458  .00000078  00000-0  20653-4 0  9997
2 43250  86.3974  47.3941 0002064  82.0468 278.0962 14.34217206143092
IRIDIUM 157             
1 43251U 18030C   20358.17856815  .00000084  00000-0  22940-4 0  9999
2 43251  86.3976  47.0742 0002269 104.0015 256.1433 14.34217397143182
IRIDIUM 140             
1 43252U 18030D   20358.19758891  .00000081  00000-0  22030-4 0  9994
2 43252  86.3976  47.0804 0002384  69.7135 290.4317 14.34222233143244
IRIDIUM 145             
1 43253U 18030E   20357.41745188  .00000082  00000-0  22197-4 0  9999
2 43253  86.3976  47.3863 0001372  58.1586 301.9743 14.34216371143068
IRIDIUM 146             
1 43254U 18030F   20357.39842613  .00000078  00000-0  20922-4 0  9997
2 43254  86.3976  47.4111 0001843  90.0009 270.1398 14.34217083143079
IRIDIUM 148             
1 43255U 18030G   20357.43647617  .00000078  00000-0  20952-4 0  9993
2 43255  86.3977  47.4095 0001982 100.0500 260.0920 14.34216091143116
IRIDIUM 142             
1 43256U 18030H   20358.17223033  .00000084  00000-0  23041-4 0  9997
2 43256  86.3973  47.0649 0002095  93.9838 266.1597 14.34216855143186
IRIDIUM 150             
1 43257U 18030J   20357.44282922  .00000080  00000-0  21580-4 0  9991
2 43257  86.3976  47.4214 0002235  89.2763 270.8689 14.34216816143106
IRIDIUM 143             
1 43258U 18030K   20358.19125340  .00000084  00000-0  22897-4 0  9991
2 43258  86.3979  47.1185 0001768  81.7657 278.3739 14.34217042143171
IRIDIUM 161             
1 43478U 18047C   20357.61702243  .00000109  00000-0  26297-4 0  9998
2 43478  86.4512 205.3515 0002470  88.4189 271.7294 14.43278525136290
IRIDIUM 152             
1 43479U 18047D   20357.32673687  .00000088  00000-0  24204-4 0  9998
2 43479  86.3985 205.3442 0001700  89.7155 270.4235 14.34219622135423
IRIDIUM 147             
1 43480U 18047E   20357.33308165  .00000101  00000-0  29126-4 0  9991
2 43480  86.3986 205.3124 0002078  96.0377 264.1055 14.34217351135415
IRIDIUM 110             
1 43481U 18047F   20357.33943153  .00000085  00000-0  23460-4 0  9990
2 43481  86.3988 205.3482 0002231  81.3397 278.8051 14.34217540135402
IRIDIUM 162             
1 43482U 18047G   20357.33339304  .00000106  00000-0  25374-4 0  9998
2 43482  86.4510 205.3884 0002284  78.5092 281.6365 14.43280426136245
IRIDIUM 160             
1 43569U 18061A   20357.56431520 -.00000003  00000-0 -82397-5 0  9995
2 43569  86.3986 173.6774 0001805  99.3040 260.8360 14.34217356126339
IRIDIUM 166             
1 43570U 18061B   20357.45017208 -.00000006  00000-0 -92520-5 0  9990
2 43570  86.3984 173.7032 0001905  83.1135 277.0277 14.34218973126348
IRIDIUM 158             
1 43571U 18061C   20357.55798834  .00000002  00000-0 -65188-5 0  9998
2 43571  86.3985 173.6659 0001651  89.2221 270.9164 14.34216851126334
IRIDIUM 165             
1 43572U 18061D   20357.58334508 -.00000002  00000-0 -78122-5 0  9999
2 43572  86.3986 173.6647 0001659  87.1576 272.9810 14.34217369126358
IRIDIUM 155             
1 43573U 18061E   20357.47553634  .00000006  00000-0 -49561-5 0  9999
2 43573  86.3982 173.6748 0002427  84.7333 275.4139 14.34216792126301
IRIDIUM 154             
1 43574U 18061F   20358.01464097  .00000004  00000-0 -55730-5 0  9998
2 43574  86.3986 173.4880 0001841  99.4527 260.6877 14.34217524126431
IRIDIUM 163             
1 43575U 18061G   20357.43746716  .00000003  00000-0 -59565-5 0  9994
2 43575  86.3983 173.7052 0001425  80.0229 280.1128 14.34217541126329
IRIDIUM 156             
1 43576U 18061H   20357.55164364  .00000004  00000-0 -57493-5 0  9990
2 43576  86.3983 173.6624 0001938  80.1346 280.0069 14.34217354126329
IRIDIUM 164             
1 43577U 18061J   20357.46283484  .00000001  00000-0 -65835-5 0  9992
2 43577  86.3984 173.7095 0001721  95.5760 264.5632 14.34218183126362
IRIDIUM 159             
1 43578U 18061K   20357.50089764  .00000002  00000-0 -63570-5 0  9998
2 43578  86.3983 173.6724 0001825  96.3159 263.8245 14.34217266126336
IRIDIUM 180             
1 43922U 19002A   20357.70971112  .00000101  00000-0  29100-4 0  9995
2 43922  86.3975 110.4646 0001497 126.6957 233.4376 14.34218198102012
IRIDIUM 176             
1 43923U 19002B   20357.69441461  .00000240  00000-0  34208-4 0  9992
2 43923  86.6109 110.5023 0002271 101.4262 258.7211 14.72251538104620
IRIDIUM 168             
1 43924U 19002C   20357.35453122  .00000102  00000-0  29184-4 0  9997
2 43924  86.3976 110.6336 0001995 104.4708 255.6709 14.34218027101908
IRIDIUM 173             
1 43925U 19002D   20358.03953280  .00000093  00000-0  26119-4 0  9998
2 43925  86.3974 110.3178 0001982 101.2650 258.8768 14.34217482101998
IRIDIUM 169             
1 43926U 19002E   20358.15900851  .00000130  00000-0  36071-4 0  9998
2 43926  86.4232 141.8578 0007156  92.3494 267.8524 14.38608263102395
IRIDIUM 172             
1 43927U 19002F   20357.40527010  .00000097  00000-0  27747-4 0  9990
2 43927  86.3974 110.5846 0001909 103.6468 256.4940 14.34218316101900
IRIDIUM 175             
1 43928U 19002G   20357.41635647  .00000237  00000-0  33729-4 0  9991
2 43928  86.6094 110.4733 0001974  77.1607 282.9831 14.72251361104571
IRIDIUM 171             
1 43929U 19002H   20357.80485238  .00000099  00000-0  28229-4 0  9999
2 43929  86.3984 110.5015 0002046 104.4186 255.7237 14.34217789101959
IRIDIUM 170             
1 43930U 19002J   20357.70059456  .00000095  00000-0  11150-4 0  9990
2 43930  86.6109 110.5064 0002010  93.9769 266.1678 14.72247198104639
IRIDIUM 167             
1 43931U 19002K   20357.37989275  .00000099  00000-0  28406-4 0  9991
2 43931  86.3974 110.5999 0001653 120.4971 239.6388 14.34222071101896
