COSMOS 2361 [-]         
1 25590U 98076A   20358.14434241  .00000013  00000-0 -21331-5 0  9992
2 25590  82.9348 246.2550 0030250 273.6503 240.6262 13.72988038102258
COSMOS 2378 [-]         
1 26818U 01023A   20357.44769742  .00000062  00000-0  49857-4 0  9996
2 26818  82.9293 265.7935 0031748 222.5430 137.3268 13.73948758979884
COSMOS 2389 [-]         
1 27436U 02026A   20357.73264062  .00000019  00000-0  38744-5 0  9990
2 27436  82.9503 210.7999 0047672  87.1548 343.2235 13.74951635931983
COSMOS 2398 [-]         
1 27818U 03023A   20357.49681003  .00000003  00000-0 -13547-4 0  9990
2 27818  82.9469 170.8311 0032411 115.4116 245.0401 13.72184979879064
COSMOS 2407 [+]         
1 28380U 04028A   20357.45210608  .00000020  00000-0  39626-5 0  9991
2 28380  82.9598 117.6666 0040588  92.7216 267.8592 13.76084707824623
COSMOS 2414 [+]         
1 28521U 05002A   20358.09419861  .00000008  00000-0 -64166-5 0  9998
2 28521  82.9490 117.5006 0038965 277.5768  82.0974 13.87626644806477
COSMOS 2429 [-]         
1 32052U 07038A   20358.17412716  .00000026  00000-0  10591-4 0  9995
2 32052  82.9810 241.0871 0039728  66.0320 294.4988 13.74933198666629
COSMOS 2454 [-]         
1 35635U 09039A   20358.06816116  .00000031  00000-0  12384-4 0  9996
2 35635  82.9570 104.8768 0018238 224.1106 135.8608 13.89657450579502
COSMOS 2463 [+]         
1 36519U 10017A   20357.86991484  .00000061  00000-0  50847-4 0  9994
2 36519  82.9602 280.5869 0034846 286.4919  73.2406 13.71450753533554
