ONEWEB-0012             
1 44057U 19010A   20357.58336806 -.00008392  00000-0 -20373-1 0  9997
2 44057  87.9158 296.7543 0001979  78.2500 191.0390 13.21813900 87730
ONEWEB-0010             
1 44058U 19010B   20357.58336806 -.00008442  00000-0 -20496-1 0  9990
2 44058  87.9160 296.7594 0001795  73.9823 187.6757 13.21809374  1741
ONEWEB-0008             
1 44059U 19010C   20357.58336806 -.00008384  00000-0 -20353-1 0  9998
2 44059  87.9165 296.7658 0001930  77.5809 199.3216 13.21814180 87872
ONEWEB-0007             
1 44060U 19010D   20357.58336806 -.00008479  00000-0 -20586-1 0  9993
2 44060  87.9157 296.7558 0001923  84.8468 169.3771 13.21813390 87907
ONEWEB-0006             
1 44061U 19010E   20357.58336806 -.00008544  00000-0 -20743-1 0  9992
2 44061  87.9162 296.7653 0001896  77.7438 169.0399 13.21815076 87947
ONEWEB-0011             
1 44062U 19010F   20357.58336806 -.00008610  00000-0 -20903-1 0  9995
2 44062  87.9166 296.7737 0002214  80.9825 158.5480 13.21815614 87948
ONEWEB-0013             
1 45131U 20008A   20357.91667824 -.00041775  00000-0 -12202+0 0  9996
2 45131  87.9150  89.6212 0001618  85.5633 215.3644 13.09364470 44808
ONEWEB-0017             
1 45132U 20008B   20358.25002315 -.00010525  00000-0 -30218-1 0  9991
2 45132  87.8831  74.2993 0002253 110.0241  70.6810 13.10383449 46544
ONEWEB-0020             
1 45133U 20008C   20358.25002315 -.00013033  00000-0 -37417-1 0  9997
2 45133  87.8840  74.2868 0001505  84.9178 242.8146 13.10387537 46933
ONEWEB-0021             
1 45134U 20008D   20358.25002315 -.00011224  00000-0 -32222-1 0  9997
2 45134  87.8747  74.3826 0001497  91.1172 163.1049 13.10387115 47344
ONEWEB-0022             
1 45135U 20008E   20358.25002315 -.00011171  00000-0 -32072-1 0  9992
2 45135  87.8825  74.2802 0002292 115.7113  20.9213 13.10381975 46921
ONEWEB-0023             
1 45136U 20008F   20357.91667824 -.00007094  00000-0 -20388-1 0  9993
2 45136  87.8751  74.4709 0005779 343.0267  80.4906 13.10323773 46615
ONEWEB-0024             
1 45137U 20008G   20358.25002315 -.00013011  00000-0 -37357-1 0  9990
2 45137  87.8784  74.3757 0001539  85.1059 249.9164 13.10381087 46819
ONEWEB-0025             
1 45138U 20008H   20358.25002315 -.00011060  00000-0 -31754-1 0  9998
2 45138  87.8834  74.3692 0001771  93.1215 153.8442 13.10381841 47131
ONEWEB-0026             
1 45139U 20008J   20358.25002315 -.00931412  00000-0 -95284-1 0  9999
2 45139  87.5507  62.7243 0019914 201.7193 240.3761 14.93164576 48930
ONEWEB-0028             
1 45140U 20008K   20358.25002315 -.00012244  00000-0 -35150-1 0  9990
2 45140  87.8843  74.3106 0001725  90.7844 200.2060 13.10388834 46304
ONEWEB-0032             
1 45141U 20008L   20357.58336806  .00041035  00000-0  11703+0 0  9995
2 45141  87.8801  74.5267 0001610  97.5351 172.8008 13.10354087  1726
ONEWEB-0033             
1 45142U 20008M   20358.25002315 -.00012383  00000-0 -35550-1 0  9990
2 45142  87.8815  74.3391 0001615  99.8966 198.5290 13.10384837 46936
ONEWEB-0035             
1 45143U 20008N   20357.58336806  .00041710  00000-0  11895+0 0  9999
2 45143  87.8771  74.4780 0001738  99.5407 141.4055 13.10351741  1771
ONEWEB-0036             
1 45144U 20008P   20358.25002315 -.00010529  00000-0 -30228-1 0  9999
2 45144  87.8830  74.2754 0001949  92.1417  95.9415 13.10382564 47052
ONEWEB-0038             
1 45145U 20008Q   20357.91667824 -.00020723  00000-0 -35649-2 0  9994
2 45145  87.4505  62.8948 0018952 251.5946 103.2409 14.68758796 48039
ONEWEB-0039             
1 45146U 20008R   20358.25002315 -.00011868  00000-0 -34067-1 0  9993
2 45146  87.8842  74.3142 0001020  84.1067 192.2375 13.10394274 46765
ONEWEB-0040             
1 45147U 20008S   20357.58336806  .00040830  00000-0  11644+0 0  9997
2 45147  87.8840  74.4919 0001420  89.4531 320.5487 13.10357394  1746
ONEWEB-0041             
1 45148U 20008T   20358.25002315 -.00039771  00000-0 -42935-2 0  9992
2 45148  87.5307  62.8082 0015515 220.5287  41.9797 14.88610190 48640
ONEWEB-0043             
1 45149U 20008U   20358.25002315 -.00012501  00000-0 -35888-1 0  9993
2 45149  87.8743  74.3748 0001459  73.0101 232.7480 13.10386693 46787
ONEWEB-0044             
1 45150U 20008V   20357.58336806  .00041190  00000-0  11748+0 0  9996
2 45150  87.8730  74.5164 0001422  88.8727 174.1327 13.10347560  1743
ONEWEB-0045             
1 45151U 20008W   20357.91667824 -.00021157  00000-0 -35468-2 0  9992
2 45151  87.4558  62.9122 0014283 256.0970 115.1610 14.69950901 48050
ONEWEB-0047             
1 45152U 20008X   20357.58336806  .00040432  00000-0  11532+0 0  9997
2 45152  87.8709  74.5281 0001696  96.6981 203.0789 13.10352549  1739
ONEWEB-0048             
1 45153U 20008Y   20357.58336806  .00040070  00000-0  11429+0 0  9991
2 45153  87.8324  74.5522 0001792  88.0309 233.6698 13.10352337  1730
ONEWEB-0049             
1 45154U 20008Z   20357.58336806  .00040262  00000-0  11484+0 0  9996
2 45154  87.8827  74.4478 0002159  86.3085 228.0070 13.10350432  1745
ONEWEB-0051             
1 45155U 20008AA  20358.25002315 -.00037311  00000-0 -36486-2 0  9992
2 45155  87.5444  62.8022 0020203 208.2962  93.9452 14.92501382 48751
ONEWEB-0052             
1 45156U 20008AB  20357.58336806  .00040118  00000-0  11443+0 0  9993
2 45156  87.8827  74.4467 0002626  70.3771 258.6489 13.10350744  1715
ONEWEB-0053             
1 45157U 20008AC  20357.58336806  .00041022  00000-0  11700+0 0  9995
2 45157  87.8842  74.4468 0001268  94.5611 322.8338 13.10349873  1747
ONEWEB-0054             
1 45158U 20008AD  20357.58336806  .00041550  00000-0  11850+0 0  9998
2 45158  87.8758  74.4575 0001561 104.8085 143.4979 13.10350071  1749
ONEWEB-0056             
1 45159U 20008AE  20358.25002315  .00000012  00000-0  00000+0 0  9992
2 45159  87.8820  74.3185 0009124 329.4195 273.4394 13.08126539 46758
ONEWEB-0057             
1 45160U 20008AF  20358.25002315 -.00010579  00000-0 -30368-1 0  9997
2 45160  87.8838  74.2812 0001408  86.8228 123.3865 13.10392815 46664
ONEWEB-0058             
1 45161U 20008AG  20357.58336806  .00034786  00000-0  99259-1 0  9996
2 45161  87.8662  74.5161 0001362  93.2793 272.6891 13.10361959  1740
ONEWEB-0059             
1 45162U 20008AH  20357.58336806  .00040274  00000-0  11486+0 0  9990
2 45162  87.8756  74.5015 0001414  99.1775 281.3991 13.10358264  1749
ONEWEB-0062             
1 45163U 20008AJ  20358.25002315 -.00020727  00000-0 -59537-1 0  9995
2 45163  87.8802  74.3226 0009412 330.4153 187.8826 13.10368841 46761
ONEWEB-0065             
1 45164U 20008AK  20357.58336806  .00040044  00000-0  11420+0 0  9995
2 45164  87.8756  74.5202 0001699  97.6892 260.9000 13.10361768  1733
ONEWEB-0066             
1 45424U 20020A   20357.91667824 -.00012236  00000-0 -34608-1 0  9991
2 45424  87.8871  59.1704 0001008 137.8438  24.6222 13.11414901 40253
ONEWEB-0067             
1 45425U 20020B   20358.25002315  .00000013  00000-0  00000+0 0  9993
2 45425  88.0238  59.0697 0024917  62.9442  45.9808 13.27338292 40342
ONEWEB-0080             
1 45426U 20020C   20357.91667824 -.00011346  00000-0 -32073-1 0  9998
2 45426  87.8850  59.1663 0001610  99.1894 143.6020 13.11448886 40281
ONEWEB-0090             
1 45427U 20020D   20357.91667824  .00011038  00000-0  31096-1 0  9999
2 45427  87.8846  59.1761 0012207  74.0533 120.2571 13.11338336 40248
ONEWEB-0061             
1 45428U 20020E   20358.25002315  .00000013  00000-0  00000+0 0  9996
2 45428  87.9345  59.0793 0029763  74.1857 158.3147 13.24240595 40225
ONEWEB-0081             
1 45429U 20020F   20358.25002315  .00000013  00000-0  00000+0 0  9997
2 45429  87.9368  59.0261 0030463  69.1862 138.3975 13.24933033 40335
ONEWEB-0069             
1 45430U 20020G   20357.91667824 -.00011977  00000-0 -33867-1 0  9995
2 45430  87.8873  59.1732 0001578  93.6538  90.6620 13.11430683 40255
ONEWEB-0031             
1 45431U 20020H   20357.91667824 -.00011148  00000-0 -32521-1 0  9992
2 45431  87.8880  59.1761 0024380  74.6309 215.3590 13.09179826 40233
ONEWEB-0027             
1 45432U 20020J   20357.91667824 -.00000013  00000-0 -42269-5 0  9996
2 45432  87.5656  51.6691 0027534  25.8454  84.5119 14.89797372 41318
ONEWEB-0064             
1 45433U 20020K   20358.25002315 -.00032658  00000-0 -92337-1 0  9990
2 45433  87.8905  59.1120 0026579  74.9370 338.0898 13.11423933 40301
ONEWEB-0018             
1 45434U 20020L   20357.91667824 -.00011623  00000-0 -32874-1 0  9994
2 45434  87.8838  59.1654 0016606  81.5275  95.6273 13.11368422 40200
ONEWEB-0083             
1 45435U 20020M   20357.91667824  .00011845  00000-0  33363-1 0  9993
2 45435  87.8832  59.1723 0008459  83.7588 129.6916 13.11362815 40246
ONEWEB-0095             
1 45436U 20020N   20357.91667824 -.00011122  00000-0 -32236-1 0  9992
2 45436  87.8882  59.1681 0021758  72.8248 209.2405 13.09648803 40254
ONEWEB-0092             
1 45437U 20020P   20357.91667824 -.00012260  00000-0 -30763-1 0  9990
2 45437  87.9198  59.0961 0023400  65.9793 273.0232 13.19483928 40343
ONEWEB-0085             
1 45438U 20020Q   20357.91667824 -.00011411  00000-0 -32268-1 0  9990
2 45438  87.8879  59.1814 0001649  96.1458 139.8035 13.11426641 40242
ONEWEB-0096             
1 45439U 20020R   20357.91667824 -.00007869  00000-0 -22229-1 0  9999
2 45439  87.8888  59.1696 0023205  72.6718 133.9457 13.11413230 40244
ONEWEB-0037             
1 45440U 20020S   20358.25002315 -.00039324  00000-0 -11139+0 0  9994
2 45440  87.8884  59.1202 0017302  71.7596 319.2405 13.11411853 40319
ONEWEB-0042             
1 45441U 20020T   20358.25002315 -.00032162  00000-0 -90404-1 0  9992
2 45441  87.8916  59.1068 0020968  68.4737  18.0791 13.11868428 40280
ONEWEB-0098             
1 45442U 20020U   20358.25002315 -.00031266  00000-0 -87886-1 0  9997
2 45442  87.8915  59.1092 0024897  68.3424 310.0781 13.11831591 40256
ONEWEB-0055             
1 45443U 20020V   20358.25002315 -.00032171  00000-0 -93924-1 0  9994
2 45443  87.8867  59.0649 0027325  73.2170  19.1597 13.09206236 40231
ONEWEB-0093             
1 45444U 20020W   20358.25002315 -.00056976  00000-0 -15193+0 0  9994
2 45444  87.9013  59.1107 0029009  68.8823 186.7873 13.15579452 40308
ONEWEB-0029             
1 45445U 20020X   20358.25002315 -.00032579  00000-0 -80749-1 0  9999
2 45445  87.9207  59.0877 0028928  70.9453 222.7539 13.20372464 40275
ONEWEB-0068             
1 45446U 20020Y   20357.91667824 -.00010719  00000-0 -30315-1 0  9990
2 45446  87.8895  59.1703 0010540  81.1006  73.5042 13.11398168 40175
ONEWEB-0046             
1 45447U 20020Z   20358.25002315 -.00031809  00000-0 -90058-1 0  9990
2 45447  87.8874  59.1094 0001501  90.3964 212.4167 13.11445542 40236
ONEWEB-0063             
1 45448U 20020AA  20358.25002315  .00000013  00000-0  00000+0 0  9998
2 45448  87.9087  59.1226 0030759  71.7407   8.0223 13.17319615 40300
ONEWEB-0019             
1 45449U 20020AB  20358.25002315 -.00032350  00000-0 -90352-1 0  9991
2 45449  87.8900  59.0733 0026945  78.4649 198.8304 13.12260594 40168
ONEWEB-0094             
1 45450U 20020AC  20358.25002315 -.00053424  00000-0 -54765-2 0  9997
2 45450  87.5783  51.7675 0027856  26.5475 241.2205 14.90557560 41302
ONEWEB-0087             
1 45451U 20020AD  20358.25002315  .00000013  00000-0  00000+0 0  9992
2 45451  87.9094  59.0995 0027633  80.7793 347.1551 13.18046597 40206
ONEWEB-0082             
1 45452U 20020AE  20358.25002315  .00000013  00000-0  00000+0 0  9993
2 45452  87.8962  59.0725 0029709  77.9770 354.5217 13.13141704 40291
ONEWEB-0050             
1 45453U 20020AF  20358.25002315 -.00052791  00000-0 -48584-2 0  9998
2 45453  87.5431  50.9057 0026832  23.2217  57.4072 14.94850906 41427
ONEWEB-0034             
1 45454U 20020AG  20357.91667824 -.00009008  00000-0 -25467-1 0  9990
2 45454  87.8875  59.1689 0007262  86.9455 140.8023 13.11433448 40160
ONEWEB-0060             
1 45455U 20020AH  20357.91667824 -.00011835  00000-0 -32392-1 0  9997
2 45455  87.8822  59.1675 0024846  85.3408 104.7494 13.13563853 40129
ONEWEB-0086             
1 45456U 20020AJ  20358.25002315  .00000013  00000-0  00000+0 0  9997
2 45456  87.8942  59.0854 0024099  78.6450 189.1913 13.13619680 40216
ONEWEB-0088             
1 45457U 20020AK  20358.25002315  .00000013  00000-0  00000+0 0  9998
2 45457  87.8873  59.1296 0024603  82.6033 272.1885 13.10604625 40169
ONEWEB-0102             
1 47258U 20100A   20358.16667824 -.00025731  00000-0 -63715-3 0  9992
2 47258  87.4014  38.0356 0005359 279.5896 323.0559 15.40592989   712
ONEWEB-0109             
1 47259U 20100B   20358.16667824 -.00026204  00000-0 -71223-3 0  9992
2 47259  87.3982  38.0426 0005051 270.6581 285.5777 15.37737592   717
ONEWEB-0110             
1 47260U 20100C   20358.16667824 -.00025780  00000-0 -64074-3 0  9998
2 47260  87.3985  38.0375 0004908 278.2341 322.6369 15.40483630   718
ONEWEB-0111             
1 47261U 20100D   20358.16667824 -.00026124  00000-0 -70744-3 0  9993
2 47261  87.3991  38.0426 0005109 282.0828 276.0047 15.37852092   713
ONEWEB-0114             
1 47262U 20100E   20358.16667824 -.00026190  00000-0 -72029-3 0  9995
2 47262  87.3993  38.0450 0005655 254.9381 295.3739 15.37368926   711
ONEWEB-0117             
1 47263U 20100F   20358.16667824 -.00026151  00000-0 -69572-3 0  9992
2 47263  87.3982  38.0403 0007572 283.7983 282.8594 15.38382984   717
ONEWEB-0118             
1 47264U 20100G   20358.16667824 -.00022850  00000-0 -55028-3 0  9996
2 47264  87.3989  38.0318 0008599 265.5570 350.4342 15.41406914   717
ONEWEB-0119             
1 47265U 20100H   20358.16667824 -.00026114  00000-0 -67756-3 0  9995
2 47265  87.3964  38.0388 0008452 261.7038 317.3193 15.39144416   712
ONEWEB-0120             
1 47266U 20100J   20358.16667824 -.00023212  00000-0 -57216-3 0  9992
2 47266  87.3995  38.0363 0005915 280.6273 324.1561 15.40724922   715
ONEWEB-0121             
1 47267U 20100K   20358.16667824 -.00026008  00000-0 -68365-3 0  9996
2 47267  87.3997  38.0415 0008564 275.1883 297.3376 15.38743764   712
ONEWEB-0122             
1 47268U 20100L   20358.16667824 -.00026143  00000-0 -71365-3 0  9991
2 47268  87.4007  38.0461 0005203 265.0487 289.0281 15.37603063   711
ONEWEB-0123             
1 47269U 20100M   20358.16667824 -.00023359  00000-0 -58302-3 0  9994
2 47269  87.4004  38.0368 0004350 276.6843 322.0178 15.40353709   717
ONEWEB-0124             
1 47270U 20100N   20358.16667824 -.00025633  00000-0 -65025-3 0  9993
2 47270  87.3997  38.0376 0005801 248.0611 342.5216 15.39855043   712
ONEWEB-0125             
1 47271U 20100P   20358.16667824 -.00026754  00000-0 -73284-3 0  9995
2 47271  87.3968  38.0415 0005404 260.0608 292.3163 15.37496800   717
ONEWEB-0126             
1 47272U 20100Q   20358.16667824 -.00025990  00000-0 -66188-3 0  9992
2 47272  87.3993  38.0406 0006322 249.1037 339.4838 15.39733102   713
ONEWEB-0127             
1 47273U 20100R   20358.16667824 -.00025520  00000-0 -61768-3 0  9991
2 47273  87.4014  38.0375 0008207 268.6801 344.9819 15.41262767   710
ONEWEB-0128             
1 47274U 20100S   20358.16667824 -.00022513  00000-0 -52600-3 0  9996
2 47274  87.4008  38.0329 0009020 236.3624  34.5872 15.42314564   717
ONEWEB-0129             
1 47275U 20100T   20358.16667824 -.00025227  00000-0 -66555-3 0  9996
2 47275  87.3975  38.0382 0008231 277.3678 293.3233 15.38632801   703
ONEWEB-0130             
1 47276U 20100U   20358.16667824 -.00025932  00000-0 -65469-3 0  9993
2 47276  87.4007  38.0388 0004844 251.1295 341.9542 15.40007271   701
ONEWEB-0131             
1 47277U 20100V   20358.16667824 -.00023327  00000-0 -58194-3 0  9997
2 47277  87.3991  38.0363 0004418 269.6328 329.3150 15.40368319   702
ONEWEB-0132             
1 47278U 20100W   20358.16667824 -.00026405  00000-0 -71228-3 0  9991
2 47278  87.3967  38.0430 0005593 283.5285 276.4582 15.37969622   704
ONEWEB-0133             
1 47279U 20100X   20358.16667824 -.00022790  00000-0 -54676-3 0  9993
2 47279  87.4006  38.0352 0008950 263.4161 354.3922 15.41517614   702
ONEWEB-0134             
1 47280U 20100Y   20358.16667824 -.00022950  00000-0 -55740-3 0  9996
2 47280  87.3997  38.0340 0007891 271.2107 340.6675 15.41157259   707
ONEWEB-0135             
1 47281U 20100Z   20358.16667824 -.00022552  00000-0 -52878-3 0  9994
2 47281  87.3980  38.0323 0009050 239.2770  29.8975 15.42207563   704
ONEWEB-0136             
1 47282U 20100AA  20358.16667824 -.00023426  00000-0 -58913-3 0  9992
2 47282  87.3978  38.0355 0004680 256.5442 338.3532 15.40122074   707
ONEWEB-0137             
1 47283U 20100AB  20358.16667824 -.00023845  00000-0 -61187-3 0  9995
2 47283  87.3995  38.0398 0007347 250.4958 334.1370 15.39489968   702
ONEWEB-0138             
1 47284U 20100AC  20358.16667824 -.00026132  00000-0 -68338-3 0  9993
2 47284  87.3978  38.0398 0008820 268.3826 306.6111 15.38899407   702
ONEWEB-0139             
1 47285U 20100AD  20358.16667824 -.00022584  00000-0 -53185-3 0  9995
2 47285  87.4021  38.0339 0009121 242.7788  24.2439 15.42076220   707
ONEWEB-0140             
1 47286U 20100AE  20358.16667824 -.00026156  00000-0 -69971-3 0  9995
2 47286  87.3978  38.0421 0006627 286.2454 277.7762 15.38220163   707
ONEWEB-0141             
1 47287U 20100AF  20358.16667824 -.00023734  00000-0 -61336-3 0  9992
2 47287  87.3994  38.0397 0008289 258.4696 322.4490 15.39263799   702
ONEWEB-0142             
1 47288U 20100AG  20358.16667824 -.00023381  00000-0 -58536-3 0  9999
2 47288  87.4019  38.0395 0004475 263.6238 333.5394 15.40260602   701
ONEWEB-0143             
1 47289U 20100AH  20358.16667824 -.00023937  00000-0 -63432-3 0  9998
2 47289  87.3995  38.0436 0007873 280.9446 287.5375 15.38498003   700
ONEWEB-0144             
1 47290U 20100AJ  20358.16667824 -.00026164  00000-0 -70263-3 0  9995
2 47290  87.4001  38.0417 0006130 285.2662 276.8625 15.38103447   707
ONEWEB-0145             
1 47291U 20100AK  20358.16667824 -.00022608  00000-0 -53432-3 0  9994
2 47291  87.3993  38.0332 0009208 245.6247  19.6098 15.41967746   702
ONEWEB-0146             
1 47292U 20100AL  20358.16667824 -.00026021  00000-0 -67812-3 0  9995
2 47292  87.4008  38.0410 0008607 265.5247 311.2906 15.39008314   704
ONEWEB-0147             
1 47293U 20100AM  20358.16667824 -.00026035  00000-0 -66548-3 0  9996
2 47293  87.3999  38.0368 0006821 249.7018 336.9877 15.39616744   704
