CALSPHERE 1             
1 00900U 64063C   20358.14479639  .00000226  00000-0  23231-3 0  9993
2 00900  90.1576  31.4881 0027006 205.2372 220.2096 13.73460296796352
CALSPHERE 2             
1 00902U 64063E   20358.13896038  .00000010  00000-0  23073-5 0  9997
2 00902  90.1685  34.2293 0016320 280.0874 140.7929 13.52689821586046
LCS 1                   
1 01361U 65034C   20357.36600110  .00000007  00000-0 -12969-3 0  9991
2 01361  32.1393 252.3883 0007985 110.0921 250.0436  9.89298565 11540
TEMPSAT 1               
1 01512U 65065E   20357.61562646  .00000023  00000-0  26142-4 0  9998
2 01512  89.8842 223.9300 0071494 111.4337 312.9629 13.33433330693167
CALSPHERE 4(A)          
1 01520U 65065H   20357.59437157  .00000066  00000-0  11121-3 0  9999
2 01520  90.0243 129.6679 0069426 352.6156 128.5427 13.35829690695312
OPS 5712 (P/L 160)      
1 02826U 67053A   20358.12696468  .00000743  00000-0  21056-3 0  9990
2 02826  69.9279 117.3501 0005233 349.6861  10.4164 14.49307375774771
OPS 5712 (P/L 153)      
1 02874U 67053H   20357.67030412 -.00000018  00000-0  25805-4 0  9996
2 02874  69.9747  85.5540 0010494 273.9294  86.0612 13.96359710727672
SURCAL 150B             
1 02909U 67053J   20357.65017512  .00001158  00000-0  24381-3 0  9991
2 02909  69.9471 133.3189 0000660  13.8439 346.2719 14.62053836784386
RIGIDSPHERE 2 (LCS 4)   
1 05398U 71067E   20358.15117651  .00000201  00000-0  64095-4 0  9992
2 05398  87.6259 172.3085 0063852  12.6395 347.6385 14.33944059586917
