SCD 1                   
1 22490U 93009B   20357.35889759  .00000231  00000-0  13013-4 0  9997
2 22490  24.9708 314.9512 0042891 211.8163 283.0591 14.44593953471164
TECHSAT 1B (GO-32)      
1 25397U 98043D   20357.79474604 -.00000001  00000-0  19094-4 0  9997
2 25397  98.7511 298.0341 0000690 175.1981 184.9204 14.23697715166571
SCD 2                   
1 25504U 98060A   20357.80481527  .00000228  00000-0  13247-4 0  9994
2 25504  24.9940 163.4473 0017052 232.2078 223.7533 14.44110271170821
LANDSAT 7               
1 25682U 99020A   20358.17713846  .00000015  00000-0  13116-4 0  9990
2 25682  98.0589  55.0461 0001359  71.2580 288.8759 14.57193596153721
DLR-TUBSAT              
1 25757U 99029B   20357.84233808 -.00000011  00000-0  88721-5 0  9992
2 25757  98.4397 285.8948 0013844 337.6047  22.4541 14.51432381142818
TERRA                   
1 25994U 99068A   20358.15946155  .00000080  00000-0  27752-4 0  9990
2 25994  98.1965  69.6456 0001204  98.4107 318.1124 14.57114936117797
MAROC-TUBSAT            
1 27004U 01056D   20358.16850705 -.00000029  00000-0  18324-4 0  9999
2 27004  99.5436 129.8710 0019076 247.4839 285.3534 13.70143928952014
AQUA                    
1 27424U 02022A   20358.12375789  .00000137  00000-0  40499-4 0  9996
2 27424  98.2118 295.9753 0002354 102.1879  24.0072 14.57108993991395
IRS-P6 (RESOURCESAT-1)  
1 28051U 03046A   20358.07388713 -.00001033  00000-0 -34696-3 0  9994
2 28051  98.4671  71.0304 0057885 185.9606 174.0907 14.34180019893421
SHIYAN 1 (SY-1)         
1 28220U 04012A   20357.46076744  .00000650  00000-0  56934-4 0  9998
2 28220  97.8667 328.4055 0017848 358.2641   1.8517 15.00175854908783
FORMOSAT-2 (ROCSAT 2)   
1 28254U 04018A   20358.10805595 -.00000089  00000-0 -31996-4 0  9996
2 28254  98.7040  22.8381 0003004 140.3911 285.0179 14.00730993848470
AURA                    
1 28376U 04026A   20357.41863378  .00000142  00000-0  41678-4 0  9992
2 28376  98.2122 297.4398 0001454  77.7595 282.3766 14.57111070874299
IRS-P5 (CARTOSAT-1)     
1 28649U 05017A   20357.73020069  .00000125  00000-0  21335-4 0  9992
2 28649  97.7926  62.3922 0001906 139.0800 221.0558 14.83742825846423
SINAH 1                 
1 28893U 05043D   20357.40231531  .00000032  00000-0  15645-4 0  9998
2 28893  98.0468 122.4623 0016519  74.6312 285.6713 14.61551528807771
EROS B                  
1 29079U 06014A   20358.12513712  .00002348  00000-0  10420-3 0  9995
2 29079  97.3896 115.1579 0008388  30.0791 141.6302 15.22531100813950
RESURS-DK 1             
1 29228U 06021A   20357.61224370  .00000207  00000-0  22864-4 0  9999
2 29228  69.9364  68.9785 0005314 210.3422 149.7432 15.02618082801015
ARIRANG-2 (KOMPSAT-2)   
1 29268U 06031A   20358.11063006  .00000103  00000-0  29448-4 0  9997
2 29268  97.9630 237.8689 0015775 279.5555  80.3873 14.62323643768788
LAPAN-TUBSAT            
1 29709U 07001A   20358.18497673  .00000037  00000-0  11320-4 0  9999
2 29709  97.8886 314.7949 0011847 212.9763 147.0715 14.82252655754329
CARTOSAT-2 (IRS-P7)     
1 29710U 07001B   20357.43020947  .00003673  00000-0  12637-3 0  9994
2 29710  97.8936  65.7817 0167576 138.9782 222.4197 15.18382754753755
HAIYANG-1B              
1 31113U 07010A   20357.38788094 -.00000022  00000-0  76571-5 0  9997
2 31113  98.3812  33.2872 0014126  21.7996 338.3786 14.30257674715016
COSMO-SKYMED 1          
1 31598U 07023A   20358.10220942 -.00001383  00000-0 -16728-3 0  9990
2 31598  97.8832 178.5266 0001522  92.3046 267.8341 14.82148631732779
TERRASAR-X              
1 31698U 07026A   20355.90293376 -.00001237  00000-0 -55751-4 0  9998
2 31698  97.4438   0.2648 0002001  82.4842   9.9826 15.19142954749606
WORLDVIEW-1 (WV-1)      
1 32060U 07041A   20358.07940277  .00001481  00000-0  63066-4 0  9996
2 32060  97.3668 114.7709 0001925  69.0316 291.1127 15.24527509737991
YAOGAN 3                
1 32289U 07055A   20358.13659888 -.00000009  00000-0  57077-5 0  9998
2 32289  97.9843  12.2873 0001899 103.8733 256.2688 14.81053478708914
COSMO-SKYMED 2          
1 32376U 07059A   20358.06845588 -.00001571  00000-0 -19093-3 0  9995
2 32376  97.8829 178.4936 0001492  89.6217 270.5166 14.82148268705512
RADARSAT-2              
1 32382U 07061A   20358.18550095  .00000037  00000-0  31091-4 0  9991
2 32382  98.5767   2.0065 0001171  95.6387 332.1384 14.29986303679947
CARTOSAT-2A             
1 32783U 08021A   20358.13308394  .00004086  00000-0  56293-3 0  9999
2 32783  97.8991  54.9128 0014308 117.5375 242.7432 14.78698687683029
HUANJING 1A (HJ-1A)     
1 33320U 08041A   20358.20034754 -.00000174  00000-0 -17452-4 0  9994
2 33320  97.7623  43.3796 0026529 173.8445 186.3096 14.77098067662461
HUANJING 1B (HJ-1B)     
1 33321U 08041B   20358.24105641  .00000145  00000-0  27351-4 0  9998
2 33321  97.7706  45.9600 0034182 204.9403 155.0168 14.77303312662476
GEOEYE 1                
1 33331U 08042A   20358.13047900  .00000097  00000-0  27371-4 0  9999
2 33331  98.1184  69.6461 0009120 172.2058 187.9301 14.64307024657148
THEOS                   
1 33396U 08049A   20358.15872464  .00000065  00000-0  51051-4 0  9997
2 33396  98.7149  62.6377 0001356  86.7320 357.4523 14.20026900633843
COSMO-SKYMED 3          
1 33412U 08054A   20358.11911563 -.00000314  00000-0 -32843-4 0  9999
2 33412  97.8831 178.5432 0001347  92.0994 268.0360 14.82153363657985
YAOGAN 4                
1 33446U 08061A   20358.14691973  .00000126  00000-0  24823-4 0  9995
2 33446  97.7537 306.0293 0017663  88.3036 272.0198 14.77071156649685
GOSAT (IBUKI)           
1 33492U 09002A   20357.57112368  .00000120  00000-0  29544-4 0  9993
2 33492  98.0760 105.7353 0001270 108.3816 251.7526 14.67544729638200
YAOGAN 6                
1 34839U 09021A   20358.05441311  .00001105  00000-0  43535-4 0  9997
2 34839  97.0408 355.7740 0029419  70.1803 290.2605 15.27188930648581
DEIMOS-1                
1 35681U 09041A   20358.14525459  .00000054  00000-0  16029-4 0  9991
2 35681  97.7821 223.8495 0002327 128.9354 231.2070 14.71863417612149
DUBAISAT-1              
1 35682U 09041B   20358.04534676  .00000071  00000-0  19945-4 0  9991
2 35682  97.7408 166.7347 0011673   9.0670 351.0742 14.68838885610801
OCEANSAT-2              
1 35931U 09051A   20358.20525956  .00000101  00000-0  36757-4 0  9992
2 35931  98.2979  90.7440 0001689 149.1038 211.0261 14.50853515595785
WORLDVIEW-2 (WV-2)      
1 35946U 09055A   20358.15708609 -.00000034  00000-0  34218-5 0  9991
2 35946  98.5059  68.8036 0002144 130.5847 229.5529 14.37703222588135
SMOS                    
1 36036U 09059A   20357.44685774  .00000077  00000-0  38325-4 0  9992
2 36036  98.4401 181.7744 0001033  94.7335 265.3971 14.39765963585279
YAOGAN 7                
1 36110U 09069A   20358.18190602  .00000035  00000-0  13156-4 0  9998
2 36110  98.2482 197.8267 0023971 334.6001  25.4018 14.75443807594321
TANDEM-X                
1 36605U 10030A   20358.07284816  .00000582  00000-0  30888-4 0  9994
2 36605  97.4445   2.4033 0002030  85.1477 346.9436 15.19155284582678
CARTOSAT-2B             
1 36795U 10035A   20358.16889186 -.00000958  00000-0 -12349-3 0  9990
2 36795  97.8962  54.4060 0013503 188.8221 171.2868 14.78682165564077
YAOGAN 10               
1 36834U 10038A   20358.12398707  .00000065  00000-0  15168-4 0  9997
2 36834  97.9792   0.4315 0001627  84.8382 275.3023 14.81011043560658
COSMO-SKYMED 4          
1 37216U 10060A   20358.21614520  .00000019  00000-0  89742-5 0  9990
2 37216  97.8827 178.6373 0001521  84.7671 275.3713 14.82157108548089
RESOURCESAT-2           
1 37387U 11015A   20358.11556863  .00000002  00000-0  20848-4 0  9997
2 37387  98.6622  69.6766 0004138 179.1525 180.9667 14.21655725502247
HAIYANG-2A              
1 37781U 11043A   20358.14430858 -.00000019  00000-0  24280-4 0  9997
2 37781  99.3166   2.4740 0000835 140.4034 219.7179 13.78724510471041
RASAT                   
1 37791U 11044D   20358.11387744  .00000038  00000-0  16115-4 0  9999
2 37791  98.1096  88.3009 0022792  38.6021 321.6807 14.64801856499868
MEGHA-TROPIQUES         
1 37838U 11058A   20357.57664092  .00000296  00000-0  18321-4 0  9996
2 37838  19.9788 316.8089 0009228 107.4167 252.7247 14.09714681474550
SRMSAT                  
1 37841U 11058D   20358.16723163  .00000313  00000-0  26847-4 0  9993
2 37841  19.9723 286.5506 0012019 156.7254 338.4475 14.10681214474930
YAOGAN 13               
1 37941U 11072A   20358.11538375  .00000759  00000-0  40012-4 0  9998
2 37941  97.5731 293.7038 0003277 100.6334 316.2468 15.18618446502603
PLEIADES 1A             
1 38012U 11076F   20358.04528494 -.00000011  00000-0  75026-5 0  9991
2 38012  98.1831  69.8379 0001051  96.8737 263.2577 14.58564447480153
ZIYUAN 1-02C (ZY 1-02C) 
1 38038U 11079A   20358.05270629  .00000074  00000-0  41534-4 0  9991
2 38038  98.6655  51.8926 0008273  71.9718 288.2370 14.35296208471829
ZIYUAN 3-1 (ZY 3-1)     
1 38046U 12001A   20358.11059770  .00000941  00000-0  45031-4 0  9994
2 38046  97.4010  69.3601 0001412 238.0918 181.8494 15.21368015497308
ARIRANG-3 (KOMPSAT-3)   
1 38338U 12025B   20358.19358700  .00000072  00000-0  23816-4 0  9999
2 38338  98.1698 294.0433 0008787 274.8955  85.1252 14.61930706458909
KANOPUS-V 1             
1 38707U 12039A   20358.06590684  .00000907  00000-0  46008-4 0  9994
2 38707  97.4627 274.6330 0001733  84.2517  41.3148 15.19461249467143
EXACTVIEW-1 (ADS-1B)    
1 38709U 12039C   20358.12558385 -.00000001  00000-0  20078-4 0  9990
2 38709  99.0870  37.9122 0011244 167.8399 192.3052 14.24034557437697
SPOT 6                  
1 38755U 12047A   20358.19723387 -.00000013  00000-0  70365-5 0  9991
2 38755  98.2259  61.9903 0001143  95.8639 264.2698 14.58543246441257
PLEIADES 1B             
1 39019U 12068A   20358.14838133 -.00000006  00000-0  84250-5 0  9999
2 39019  98.1823  69.9688 0001247  86.6490 273.4865 14.58560408429021
GOKTURK 2               
1 39030U 12073A   20358.18454797  .00000062  00000-0  17265-4 0  9994
2 39030  97.9255 241.5525 0000215   7.8536 352.2676 14.72783664429683
LANDSAT 8               
1 39084U 13008A   20358.17143859  .00000075  00000-0  26600-4 0  9992
2 39084  98.2066  65.3313 0001277  86.7414 273.3931 14.57115900418177
SARAL                   
1 39086U 13009A   20357.82840923  .00000004  00000-0  17691-4 0  9994
2 39086  98.5408 180.5346 0001927  76.2732 283.8666 14.32040315408964
GAOFEN 1                
1 39150U 13018A   20358.11937500 -.00000996  00000-0 -13526-3 0  9991
2 39150  97.8521  69.9746 0017900 227.9509 132.0260 14.76546989412857
VNREDSAT 1              
1 39160U 13021B   20358.22426081  .00000092  00000-0  27141-4 0  9999
2 39160  98.1333  72.2405 0001085  87.6239 272.5090 14.62938127407488
ARIRANG-5 (KOMPSAT-5)   
1 39227U 13042A   20358.08222391  .00000688  00000-0  53477-4 0  9990
2 39227  97.6207 179.7109 0001449  86.7795  26.0574 15.04516322402885
YAOGAN 18               
1 39363U 13059A   20358.10663237  .00066473  00000-0  28085-3 0  9990
2 39363  97.2238  56.8012 0016279 196.2372 221.5070 15.85023992397497
SKYSAT-1                
1 39418U 13066C   20358.18741976 -.00000307  00000-0 -20320-4 0  9995
2 39418  97.6118  73.4396 0019853 287.6637  72.2419 14.99069972387555
DUBAISAT-2              
1 39419U 13066D   20358.17146028  .00000783  00000-0  78032-4 0  9991
2 39419  97.5177  44.5324 0012223 298.2906  61.7085 14.94221116386355
GPM-CORE                
1 39574U 14009C   20358.14361615  .00004980  00000-0  76356-4 0  9999
2 39574  65.0053 229.8339 0009992 274.2609  85.7395 15.55586642387411
SENTINEL-1A             
1 39634U 14016A   20358.01327503 -.00000036  00000-0  19915-5 0  9996
2 39634  98.1816   2.3062 0001304  81.9299 278.2055 14.59199653358062
KAZEOSAT 1              
1 39731U 14024A   20358.18174138  .00000009  00000-0  15816-4 0  9999
2 39731  98.2994  66.2702 0001172  76.1847 283.9480 14.42059870350083
ALOS-2                  
1 39766U 14029A   20358.20681912  .00000092  00000-0  19200-4 0  9991
2 39766  97.9227  92.1086 0001461  93.4644 266.6761 14.79471199355602
KAZEOSAT 2              
1 40010U 14033A   20358.11673676  .00000086  00000-0  17348-4 0  9992
2 40010  97.7858 249.0780 0017187  50.9705 309.3039 14.82083561352264
HODOYOSHI-4             
1 40011U 14033B   20358.14113134  .00000165  00000-0  27696-4 0  9999
2 40011  97.7504 240.3847 0028065  47.9976 312.3621 14.81254048351959
DEIMOS-2                
1 40013U 14033D   20358.13707966  .00000272  00000-0  38324-4 0  9991
2 40013  97.8038 256.8190 0002586  84.4133 275.7378 14.84743336352866
HODOYOSHI-3             
1 40015U 14033F   20357.38677712  .00000068  00000-0  15933-4 0  9998
2 40015  97.7099 225.2820 0038382  69.1522 291.3793 14.78632627351204
SPOT 7                  
1 40053U 14034A   20358.16333792 -.00000019  00000-0  55747-5 0  9990
2 40053  98.1614  62.1048 0001615  95.0386 265.1006 14.58568898345181
SKYSAT-2                
1 40072U 14037D   20357.48830643  .00000181  00000-0  30724-4 0  9991
2 40072  98.4588 186.1994 0005251 249.5539 110.5108 14.81353482349006
WORLDVIEW-3 (WV-3)      
1 40115U 14048A   20358.21127355  .00000543  00000-0  69622-4 0  9993
2 40115  97.8333  69.6367 0002368  83.4300 276.7171 14.85179742344819
GAOFEN 2                
1 40118U 14049A   20358.20549997  .00000114  00000-0  21449-4 0  9995
2 40118  97.8245  71.0269 0006373 276.5683  83.4807 14.80683122343007
YAOGAN 21               
1 40143U 14053A   20358.09704950  .00001092  00000-0  48678-4 0  9996
2 40143  97.4185  62.9783 0015688 333.2624 114.9632 15.23476505350129
YAOGAN 22               
1 40275U 14063A   20358.19741925 -.00000027  00000-0  47166-4 0  9996
2 40275 100.5151 110.4852 0006548  39.0709 321.0879 13.15425624296588
ASNARO                  
1 40298U 14070A   20358.20846348 -.00017464  00000-0 -82269-3 0  9992
2 40298  97.4070  76.9626 0001624  86.7069 352.5022 15.19475681340000
HODOYOSHI-1             
1 40299U 14070B   20358.07093775  .00000904  00000-0  39727-4 0  9997
2 40299  97.3068  70.2779 0011279 248.3566 196.3260 15.24369961340544
QSAT-EOS                
1 40301U 14070D   20358.07678932  .00002731  00000-0  10274-3 0  9990
2 40301  97.2756  68.0963 0023169 237.7260 173.3424 15.27748592340726
YAOGAN 23               
1 40305U 14071A   20358.09217738  .00001117  00000-0  57454-4 0  9999
2 40305  97.5449 296.8489 0001365 104.9613  22.9244 15.18523847338356
YAOGAN 24               
1 40310U 14072A   20358.02176951  .00000079  00000-0  18676-4 0  9999
2 40310  97.9200 116.1740 0018538 218.6321 141.3557 14.76276352328355
CBERS 4                 
1 40336U 14079A   20358.15239938 -.00000000  00000-0  15228-4 0  9998
2 40336  98.5435  68.1829 0000590  96.7694 263.3573 14.35421778316754
RESURS P2               
1 40360U 14087A   20358.07557008  .00001027  00000-0  33644-4 0  9997
2 40360  97.2391  83.1767 0007761 221.9511 258.8922 15.33877549335223
YAOGAN 26               
1 40362U 14088A   20358.10337590  .00001232  00000-0  54084-4 0  9995
2 40362  97.2263  59.4420 0009652 181.3867 265.0470 15.23722044333593
SMAP                    
1 40376U 15003A   20358.30986922 -.00044426  00000-0 -86612-2 0  9993
2 40376  98.1236   2.0642 0001516  83.5341 276.5658 14.63304328314845
KOMPSAT-3A              
1 40536U 15014A   20358.11813250  .00000267  00000-0  19206-4 0  9995
2 40536  97.5623 295.5216 0001201 136.6398 234.0282 15.12215889317231
SENTINEL-2A             
1 40697U 15028A   20358.14456427  .00000018  00000-0  23415-4 0  9991
2 40697  98.5699  69.6538 0001196  97.8888 262.2439 14.30814852287445
GAOFEN 8                
1 40701U 15030A   20358.11582296  .00001548  00000-0  67986-4 0  9991
2 40701  97.4944 120.1087 0008594 193.7048 339.1013 15.23435427305967
CARBONITE 1 (CBNT-1)    
1 40718U 15032D   20358.20430568  .00000224  00000-0  40697-4 0  9995
2 40718  97.8103 232.8057 0016218 327.8529  32.1685 14.74888079293635
YAOGAN 27               
1 40878U 15040A   20358.15500876 -.00000021  00000-0  58662-4 0  9992
2 40878 100.2062  40.0611 0009010 147.3296 212.8381 13.15967672255839
GAOFEN 9-01             
1 40894U 15047A   20358.19422106  .00000087  00000-0  19821-4 0  9995
2 40894  97.8756  72.9388 0033668 156.8709 203.4038 14.76291719284324
LAPAN-A2                
1 40931U 15052B   20357.18221682  .00000641  00000-0  19804-6 0  9996
2 40931   5.9972  76.5805 0013200  50.2389 309.8965 14.76655667283056
YAOGAN 28               
1 41026U 15064A   20358.12372046  .00001062  00000-0  47448-4 0  9992
2 41026  97.4794 128.9960 0002430 114.8098  58.0334 15.23548383285819
YAOGAN 29               
1 41038U 15069A   20358.00808250  .00000031  00000-0  11028-4 0  9998
2 41038  98.0260 345.8300 0001767  54.0394 306.0993 14.80476954274171
KENT RIDGE 1            
1 41167U 15077B   20357.24912963  .00000902  00000-0  14849-4 0  9993
2 41167  14.9742 197.3336 0011306  81.3549  64.9782 15.09245505277199
TELEOS 1                
1 41169U 15077D   20358.11578400  .00001458  00000-0  46242-4 0  9995
2 41169  14.9801 172.5948 0010080 124.0269 236.1050 15.10790121277498
GAOFEN 4                
1 41194U 15083A   20357.86085347 -.00000324  00000-0  00000+0 0  9993
2 41194   0.0559  78.4899 0002249 118.8922 310.0890  1.00271781 18415
JASON-3                 
1 41240U 16002A   20357.43749680 -.00000040  00000-0  92438-4 0  9993
2 41240  66.0418 334.6902 0007728 269.8374  90.1756 12.80930415230565
SENTINEL-3A             
1 41335U 16011A   20358.14877745 -.00000002  00000-0  17295-4 0  9997
2 41335  98.6340  62.1731 0001060  81.2664 278.8637 14.26731999252586
SENTINEL-1B             
1 41456U 16025A   20358.25278883  .00000018  00000-0  13513-4 0  9991
2 41456  98.1815   2.3676 0001290  81.4300 278.7044 14.59200346248264
ZIYUAN 3-2 (ZY 3-2)     
1 41556U 16033A   20358.08371087  .00000825  00000-0  39742-4 0  9990
2 41556  97.3471  68.8679 0004719  90.9737   2.2663 15.21433184253599
NUSAT-1 (FRESCO)        
1 41557U 16033B   20358.09815050  .00002203  00000-0  81528-4 0  9996
2 41557  97.3996  87.1202 0014331 135.0860 321.8303 15.28663596254587
NUSAT-2 (BATATA)        
1 41558U 16033C   20358.08207383  .00002490  00000-0  86278-4 0  9995
2 41558  97.4076  90.1472 0013479 130.5809 352.4836 15.30717022254731
CARTOSAT-2C             
1 41599U 16040A   20358.13346611  .00000645  00000-0  33775-4 0  9996
2 41599  97.4257  54.7714 0012267 273.0232 138.5232 15.19278848249742
SKYSAT-C1               
1 41601U 16040C   20357.49640251  .00002795  00000-0  75814-4 0  9993
2 41601  97.2102  72.1551 0003209 171.8555 188.2743 15.38446681250615
LAPAN-A3                
1 41603U 16040E   20358.09376618  .00000116  00000-0  84728-5 0  9995
2 41603  97.2836  45.4476 0011707 260.8080 183.3489 15.19929967249796
BIROS                   
1 41604U 16040F   20357.39808951  .00000951  00000-0  44235-4 0  9993
2 41604  97.2903  49.4902 0010724 240.3470 119.6699 15.22285632249966
GAOFEN 3                
1 41727U 16049A   20357.76461516 -.00000043  00000-0  50839-8 0  9995
2 41727  98.4113   2.7502 0001694  99.6832 260.4541 14.42215877230011
SKYSAT-C4               
1 41771U 16058B   20357.77451291  .00002739  00000-0  74647-4 0  9996
2 41771  97.1899  64.3655 0001716  77.3426 282.8011 15.38319043237616
SKYSAT-C5               
1 41772U 16058C   20358.11177735  .00000802  00000-0  35739-4 0  9992
2 41772  97.3369  64.0509 0001674  77.4395 340.9518 15.24225721237279
SKYSAT-C2               
1 41773U 16058D   20357.29371296  .00002628  00000-0  71693-4 0  9996
2 41773  97.1905  64.2240 0002138  84.4009 275.7480 15.38329302237564
SKYSAT-C3               
1 41774U 16058E   20357.43665566  .00002657  00000-0  72501-4 0  9990
2 41774  97.1900  64.3254 0002026  84.3042 275.8434 15.38309065237573
ALSAT 1B                
1 41785U 16059C   20358.19907736  .00000012  00000-0  11318-4 0  9997
2 41785  97.9879  48.5307 0032632  78.6104 281.8767 14.63381197226502
PATHFINDER 1            
1 41787U 16059E   20358.12789688  .00000042  00000-0  16934-4 0  9998
2 41787  97.9911  49.7158 0031614  76.5088 283.9666 14.63772538226543
SCATSAT 1               
1 41790U 16059H   20358.22141004  .00000024  00000-0  17493-4 0  9998
2 41790  98.3932  34.8300 0006441  63.4687 296.7169 14.50800312224590
WORLDVIEW-4             
1 41848U 16067A   20357.92844698  .00019956  00000-0  27098-3 0  9991
2 41848  97.8291 120.6409 0068033 171.4760 188.7666 15.54882898225897
GOKTURK 1A              
1 41875U 16073A   20358.20116127  .00000062  00000-0  21273-4 0  9997
2 41875  98.1333 249.8469 0001194  76.5139 283.6200 14.62789264216157
RESOURCESAT-2A          
1 41877U 16074A   20358.14103806  .00000032  00000-0  34808-4 0  9998
2 41877  98.7778  67.2803 0001279 101.3511 258.7812 14.21599288209858
CARTOSAT-2D             
1 41948U 17008A   20357.43287363  .00000489  00000-0  26449-4 0  9995
2 41948  97.4682  54.0732 0008991  65.6835 294.5354 15.19252311213508
SENTINEL-2B             
1 42063U 17013A   20358.10957231 -.00000701  00000-0 -25084-3 0  9995
2 42063  98.5665  69.6143 0001266  80.1540 279.9792 14.30810825198351
ZHUHAI-1 02 (CAS-4B)    
1 42759U 17034B   20358.08543083  .00000403  00000-0  37735-4 0  9997
2 42759  43.0189  70.5398 0008638 142.6461 288.3671 15.10009554194486
NUSAT-3 (MILANESAT)     
1 42760U 17034C   20358.25022256  .00000793  00000-0  60478-4 0  9994
2 42760  43.0165  67.4292 0008281 166.9709 233.5693 15.10539549194543
ZHUHAI-1 01 (CAS-4A)    
1 42761U 17034D   20358.08599297  .00000374  00000-0  35939-4 0  9999
2 42761  43.0183  69.7106 0008979 143.4607 287.6063 15.10089387194488
CARTOSAT-2E             
1 42767U 17036C   20357.84022384  .00000636  00000-0  33292-4 0  9999
2 42767  97.3985  53.0033 0010517 100.2335 260.0083 15.19294934194135
FORMOSAT-5              
1 42920U 17049A   20357.85631002 -.00000068  00000-0 -59381-5 0  9997
2 42920  98.2863  74.1288 0012008 112.5982 247.6473 14.50846848176335
SENTINEL-5P             
1 42969U 17064A   20357.79839931 -.00000004  00000-0  19031-4 0  9997
2 42969  98.7207 294.2118 0001135  85.1554 274.9752 14.19547907165476
SKYSAT-C11              
1 42987U 17068A   20357.36894922  .00003251  00000-0  86362-4 0  9992
2 42987  97.2461 109.1570 0011429  93.2004 267.0549 15.38929451174977
SKYSAT-C10              
1 42988U 17068B   20357.48657988  .00003278  00000-0  87374-4 0  9998
2 42988  97.2501 109.1575 0004332 122.2397 237.9269 15.38872485175016
SKYSAT-C9               
1 42989U 17068C   20357.79909530  .00003355  00000-0  89248-4 0  9994
2 42989  97.2460 108.9805 0001510  48.8026 311.3350 15.38918789175253
SKYSAT-C8               
1 42990U 17068D   20357.79227340  .00003427  00000-0  90923-4 0  9990
2 42990  97.2502 109.8391 0003536  99.0796 261.0850 15.38981484175083
SKYSAT-C7               
1 42991U 17068E   20357.45476086  .00003247  00000-0  86296-4 0  9995
2 42991  97.2507 109.5179 0001886  93.1644 266.9817 15.38969260175033
SKYSAT-C6               
1 42992U 17068F   20357.44459357  .00003198  00000-0  85029-4 0  9995
2 42992  97.2522 109.7537 0002762  55.1417 305.0088 15.38966789175040
CARTOSAT-2F             
1 43111U 18004A   20358.08645471  .00000652  00000-0  34018-4 0  9999
2 43111  97.3617  53.3263 0005843 112.2343 333.7268 15.19295686163355
MICROSAT-TD             
1 43128U 18004T   20332.73716149  .10569677  20755-5  34442-3 0  9994
2 43128  96.5543  22.8890 0008817 256.0248 104.0076 16.44115419165356
NUSAT-4 (ADA)           
1 43195U 18015D   20358.08989690  .00002115  00000-0  87082-4 0  9992
2 43195  97.4638 125.8513 0017863 149.9251 324.9263 15.25108250160636
NUSAT-5 (MARYAM)        
1 43204U 18015K   20358.12830047  .00002145  00000-0  87713-4 0  9993
2 43204  97.4647 126.1781 0017372 151.8492  21.0857 15.25328871160257
GAOFEN 1-02             
1 43259U 18031A   20358.12106104  .00000103  00000-0  21995-4 0  9993
2 43259  97.9509  73.7510 0003371 334.7203  25.3855 14.76529968147268
GAOFEN 1-03             
1 43260U 18031B   20358.16754907  .00000102  00000-0  21846-4 0  9993
2 43260  97.9508  73.7937 0005757  42.5189 317.6482 14.76504225147261
GAOFEN 1-04             
1 43262U 18031D   20358.14263253  .00000131  00000-0  26051-4 0  9997
2 43262  97.9514  73.7573 0004327 357.2658   2.8540 14.76529144147259
SENTINEL-3B             
1 43437U 18039A   20357.70067859 -.00000001  00000-0  17484-4 0  9991
2 43437  98.6248  61.7184 0001203  76.6027 283.5288 14.26735719138587
GAOFEN 5                
1 43461U 18043A   20358.23962603  .00000055  00000-0  22057-4 0  9993
2 43461  98.2164 292.7631 0002196 136.2778 223.8599 14.57793047139808
GAOFEN 6                
1 43484U 18048A   20358.16912359  .00000072  00000-0  17689-4 0  9992
2 43484  97.9739  75.7995 0010500 143.8505 216.3430 14.76492203137966
GAOFEN 11-1             
1 43585U 18063A   20358.10847487  .00000980  00000-0  43921-4 0  9990
2 43585  97.3702  74.5918 0014362 277.1267 144.0654 15.23522717133968
AEOLUS                  
1 43600U 18066A   20358.10603781  .00046074  00000-0  17989-3 0  9996
2 43600  96.7181   1.6555 0007234  91.1316 269.0786 15.86898543135280
ICESAT-2                
1 43613U 18070A   20358.13762732  .00002789  00000-0  10117-3 0  9991
2 43613  92.0037 112.2196 0003277  81.5356 278.6265 15.28284334126701
HYSIS                   
1 43719U 18096A   20358.15262436  .00000136  00000-0  25488-4 0  9996
2 43719  97.8833  61.7609 0005262  34.2516 325.9054 14.78592762111551
KAZSTSAT                
1 43783U 18099AB  20358.17125370 -.00000101  00000-0 -42511-5 0  9998
2 43783  97.6993  65.8527 0006905 276.1812  83.8622 14.93648624112000
SAUDISAT 5A             
1 43831U 18102A   20358.20576057  .00000184  00000-0  15934-4 0  9990
2 43831  97.5544  71.2261 0013038 227.5871 217.0735 15.08170671112589
SAUDISAT 5B             
1 43833U 18102C   20358.18766470 -.00000236  00000-0 -11032-4 0  9994
2 43833  97.5536  71.7072 0014002 236.8714 207.0696 15.08603544112606
GAOFEN 10R              
1 44622U 19066A   20358.12259803  .00000164  00000-0  28078-4 0  9998
2 44622  97.8390 296.8788 0001861  70.2242 289.9174 14.80599935 65900
CARTOSAT-3              
1 44804U 19081A   20358.10004197  .00000473  00000-0  25685-4 0  9993
2 44804  97.4723  57.1366 0012440 312.4843 104.8707 15.19261790 59448
GAOFEN 12               
1 44819U 19082A   20358.02023239  .00000007  00000-0  76334-5 0  9990
2 44819  97.8999  17.2239 0001972  90.3474 269.7977 14.80234104 57847
NUSAT-7 (SOPHIE)        
1 45017U 20003B   20358.10042576  .00001979  00000-0  71309-4 0  9995
2 45017  97.2893  60.7590 0015245 128.0885 296.6291 15.29625611 52384
NUSAT-8 (MARIE)         
1 45018U 20003C   20358.13496848  .00001820  00000-0  69242-4 0  9992
2 45018  97.2970  60.5119 0013088 129.5490 286.2334 15.27958494 52353
NUSAT-6 (HYPATIA)       
1 46272U 20061A   20358.20082323  .00001305  00000-0  60805-4 0  9990
2 46272  97.3891  69.2933 0007641 162.3225 197.8279 15.21637016 16867
NEMO-HD                 
1 46277U 20061F   20358.10138328  .00000307  00000-0  19275-4 0  9997
2 46277  97.4527  69.2711 0000325 144.8495 276.2275 15.16184650 16817
NUSAT-12 (DOROTHY)      
1 46827U 20079A   20358.19458797  .00001631  00000-0  56874-4 0  9998
2 46827  97.2615  69.4249 0011593  82.2080   2.2815 15.31001914  7192
NUSAT-9 (ALICE)         
1 46828U 20079B   20358.18543034  .00002174  00000-0  74783-4 0  9999
2 46828  97.2650  69.4452 0010111  81.3445 331.0053 15.31095650  7207
NUSAT-11 (CORA)         
1 46829U 20079C   20358.18959748  .00002160  00000-0  74121-4 0  9994
2 46829  97.2617  69.4315 0010910  84.7380 359.5804 15.31176071  7195
NUSAT-15 (KATHERINE)    
1 46830U 20079D   20358.22979869  .00001464  00000-0  48488-4 0  9990
2 46830  97.2660  69.5494 0006393  72.2310  13.0199 15.32874409  7201
NUSAT-14 (HEDY)         
1 46831U 20079E   20358.11223880  .00002445  00000-0  82851-4 0  9996
2 46831  97.2634  69.3867 0011227  90.6024 329.7157 15.31449713  7186
NUSAT-10 (CAROLINE)     
1 46832U 20079F   20358.18781428  .00002126  00000-0  73568-4 0  9992
2 46832  97.2631  69.4417 0011519  94.2784 350.0096 15.30912250  7193
NUSAT-13 (EMMY)         
1 46833U 20079G   20358.17882025  .00002163  00000-0  73427-4 0  9992
2 46833  97.2638  69.4603 0010531  92.8185 351.1913 15.31528334  7197
NUSAT-17 (MARY)         
1 46835U 20079J   20358.10982350  .00001196  00000-0  41856-4 0  9995
2 46835  97.2638  69.4013 0010873 103.5001 346.1920 15.31401100  7182
NUSAT-18 (VERA)         
1 46836U 20079K   20357.77506080  .00000035  00000-0  35477-5 0  9994
2 46836  97.2631  69.1038 0010441 108.6673  11.3121 15.32070098  7130
NUSAT-16 (LISE)         
1 46840U 20079P   20358.48184965  .00002074  00000-0  69827-4 0  9992
2 46840  97.2636  69.7796 0010349  99.6528 271.4525 15.31841870  7244
