CRE (WAAS/PRN 138)      
1 28868U 05036A   20357.67480833 -.00000064  00000-0  00000+0 0  9992
2 28868   0.0183  37.7181 0001525 279.8933 269.6898  1.00271815 56078
IOR-W (EGNOS/PRN 126)   
1 28899U 05044A   20357.78080019  .00000019  00000-0  00000+0 0  9998
2 28899   3.1314  31.8239 0002846 239.9445 165.0003  1.00272146 55426
MTSAT-2 (MSAS/PRN 137)  
1 28937U 06004A   20357.46526719 -.00000076  00000-0  00000-0 0  9990
2 28937   0.6559  93.9113 0003331 127.5601 319.1572  0.99074810 54380
QZS-1 (QZSS/PRN 183)    
1 37158U 10045A   20357.72601591 -.00000095  00000-0  00000+0 0  9996
2 37158  41.7993 140.9393 0754008 270.4573  82.5749  1.00268610 37638
GSAT-8 (GAGAN/PRN 127)  
1 37605U 11022A   20357.51033410  .00000094  00000-0  00000-0 0  9994
2 37605   0.0143  14.0656 0008751 253.4258  62.8293  1.00270252 33132
LUCH 5A (SDCM/PRN 140)  
1 37951U 11074B   20358.26105850 -.00000035  00000-0  00000+0 0  9991
2 37951   3.6984 109.6467 0001277 176.8804  66.6066  1.00272786 33112
SES-5 (EGNOS/PRN 136)   
1 38652U 12036A   20357.43452174  .00000043  00000-0  00000-0 0  9990
2 38652   0.0399  76.4493 0001949 188.7455 347.6629  1.00272729 24419
GSAT-10 (GAGAN/PRN 128) 
1 38779U 12051B   20358.14349840 -.00000154  00000-0  00000+0 0  9994
2 38779   0.0977  98.5760 0003347 165.9891 322.2527  1.00272367 30217
LUCH 5B (SDCM/PRN 125)  
1 38977U 12061A   20358.05181326 -.00000126  00000-0  00000+0 0  9997
2 38977   6.1422  66.4227 0001783 202.3592 185.5553  1.00272164 30109
ASTRA 5B (EGNOS/PRN 123)
1 39617U 14011B   20357.77434472  .00000165  00000-0  00000+0 0  9999
2 39617   0.0264 354.4690 0003425 280.2473 127.3249  1.00271930 24794
LUCH 5V (SDCM/PRN 141)  
1 39727U 14023A   20357.78690671 -.00000258  00000-0  00000+0 0  9994
2 39727   0.4535  24.6447 0001331 316.3958 128.7252  1.00268117542449
GSAT-15 (GAGAN/PRN 139) 
1 41028U 15065A   20358.07379677 -.00000247  00000-0  00000+0 0  9999
2 41028   0.0704  99.6552 0001726 134.1709 338.3084  1.00272342 18789
E 117 W B (WAAS/PRN 131)
1 41589U 16038B   20357.43825802 -.00000003  00000-0  00000-0 0  9998
2 41589   0.0334 164.7089 0000069 191.0574 136.4441  1.00272142 16599
SES-15 (WAAS/PRN 133)   
1 42709U 17026A   20357.43082907  .00000069  00000-0  00000-0 0  9993
2 42709   0.0177  36.6066 0000462 213.4749 227.2845  1.00270925 14076
QZS-2 (QZSS/PRN 184)    
1 42738U 17028A   20356.64558358 -.00000223  00000-0  00000-0 0  9990
2 42738  42.6780 271.8058 0758998 269.4692 281.9171  1.00286089 13050
QZS-3 (QZSS/PRN 189)    
1 42917U 17048A   20358.00871866 -.00000337  00000-0  00000+0 0  9990
2 42917   0.0485 192.2531 0001899  93.2665 296.6582  1.00269481 12296
QZS-4 (QZSS/PRN 185)    
1 42965U 17062A   20357.91646541 -.00000345  00000-0  00000+0 0  9997
2 42965  40.8314   9.1251 0751004 271.5730 277.6443  1.00254159 11729
