ASTRA 1D                
1 23331U 94070A   20357.49024325 -.00000264  00000-0  00000-0 0  9991
2 23331   9.3637  41.0993 0003558 230.2423 283.6129  1.00275471 96200
ASTRA 1F                
1 23842U 96021A   20357.43560691 -.00000268  00000-0  00000-0 0  9995
2 23842   0.2963  89.8606 0002058 170.6838 120.4294  0.99120573 32245
AMC-1 (GE-1)            
1 24315U 96054A   20357.74189289  .00000073  00000-0  00000+0 0  9993
2 24315   4.3630  77.4090 0003240 187.5549 322.9510  1.00272396 88949
AMC-2 (GE-2)            
1 24713U 97002A   20358.15256010  .00000102  00000-0  00000+0 0  9995
2 24713   6.7290  59.3224 0000565 330.6411 346.0192  0.99467905 38243
AMC-3 (GE-3)            
1 24936U 97050A   20357.75366977 -.00000252  00000-0  00000+0 0  9991
2 24936   3.2449  84.2412 0003360 197.9830   8.8489  1.00272693 85367
NSS-5                   
1 24957U 97053A   20357.77809587  .00000112  00000-0  00000+0 0  9992
2 24957   6.3456  62.7309 0003928 198.4576 161.2042  1.00268626 85169
ASTRA 1G                
1 25071U 97076A   20353.75882796  .00000015  00000-0  00000-0 0  9995
2 25071   5.0219  72.0988 0003549 197.1006 155.0142  1.00271515 84432
ASTRA 2A                
1 25462U 98050A   20358.17555414  .00000160  00000-0  00000+0 0  9997
2 25462   2.0769  91.2146 0002300 173.9703 278.1402  1.00273728 81668
ASTRA 1H                
1 25785U 99033A   20357.34060681 -.00000092  00000-0  00000-0 0  9998
2 25785   6.3407  63.0498 0005973 105.5940  61.7740  0.98944970 31275
AMC-4 (GE-4)            
1 25954U 99060A   20357.41624168  .00000096  00000-0  00000-0 0  9993
2 25954   0.1822  97.4392 0002730 177.1772 191.7595  1.00273046 23474
ASTRA 2B                
1 26494U 00054A   20357.98725856  .00000126  00000-0  00000+0 0  9999
2 26494   4.9322  72.6849 0005070 197.6738 196.6485  1.00275109 74168
AMC-7 (GE-7)            
1 26495U 00054B   20357.75715921 -.00000192  00000-0  00000+0 0  9991
2 26495   1.8242  93.2962 0001319 102.0328 114.7052  0.99134071 74135
NSS-11 (AAP-1)          
1 26554U 00059A   20357.73133731  .00000035  00000-0  00000+0 0  9998
2 26554   0.0164 337.0501 0002802 300.6316 253.3203  1.00271875 74094
AMC-6 (GE-6)            
1 26580U 00067A   20357.66852733  .00000114  00000-0  00000+0 0  9996
2 26580   0.0131  13.3673 0002758 257.7284 282.2447  1.00270707 73900
ASTRA 2D                
1 26638U 00081A   20358.04532175  .00000070  00000-0  00000+0 0  9995
2 26638   6.1720  63.6686 0002005 212.6012 249.3551  1.00274827 73313
AMC-8 (GE-8)            
1 26639U 00081B   20358.15189701  .00000099  00000-0  00000+0 0  9992
2 26639   1.1125  94.0653 0002780 183.3292  94.4445  1.00271440 73201
ASTRA 2C                
1 26853U 01025A   20357.77277448  .00000145  00000-0  00000+0 0  9994
2 26853   3.2704  84.0131 0002623 175.1838 134.4601  1.00270482 71501
ASTRA 3A                
1 27400U 02015B   20357.43387696 -.00000197  00000-0  00000-0 0  9992
2 27400   6.2933  62.4677 0001590 207.6721 250.6857  1.00274739 68640
NSS-7                   
1 27414U 02019A   20357.62046022 -.00000150  00000-0  00000+0 0  9995
2 27414   4.6575  75.4362 0002463 207.6354  11.9122  1.00271659 68478
NSS-6                   
1 27603U 02057A   20357.73421611  .00000118  00000-0  00000+0 0  9993
2 27603   0.2717  97.8455 0004151 171.1550 277.5339  1.00273366 65955
AMC-11 (GE-11)          
1 28252U 04017A   20358.13481507  .00000080  00000-0  00000+0 0  9995
2 28252   0.0153  17.9751 0002811 257.4483  94.2469  1.00271074 60625
AMC-15                  
1 28446U 04041A   20358.16440590 -.00000077  00000-0  00000+0 0  9994
2 28446   0.0254  44.3864 0002933 222.4638 139.4434  1.00271659 59272
AMC-16                  
1 28472U 04048A   20357.60746205 -.00000197  00000-0  00000+0 0  9993
2 28472   0.0189 331.2247 0002753 294.0488 320.0251  1.00270509 58737
NSS-10 (AMC-12)         
1 28526U 05003A   20357.76056141 -.00000241  00000-0  00000+0 0  9995
2 28526   1.4662  92.8063 0003075 166.3639  68.9403  1.00272636 58247
ASTRA 1KR               
1 29055U 06012A   20357.26933490  .00000128  00000-0  00000-0 0  9994
2 29055   0.0378 273.1437 0005079 337.3063 316.9674  1.00272260 25647
AMC-18                  
1 29644U 06054B   20358.17758235 -.00000204  00000-0  00000+0 0  9992
2 29644   0.0185 316.2560 0002301 307.7824 169.0592  1.00273534 51486
ASTRA 1L                
1 31306U 07016A   20357.77181487  .00000130  00000-0  00000+0 0  9990
2 31306   0.0464 314.6802 0005013 330.3009 103.8229  1.00272325 49965
ASTRA 4A (SIRIUS 4)     
1 32299U 07057A   20357.69722800  .00000042  00000-0  00000+0 0  9990
2 32299   0.0127 353.0951 0002954 272.9085  81.5102  1.00270766 47889
AMC-21                  
1 33275U 08038B   20358.03026596  .00000047  00000-0  00000+0 0  9998
2 33275   0.0129 348.9713 0002574 278.4719  70.5792  1.00273354 45391
ASTRA 1M                
1 33436U 08057A   20357.34113021  .00000128  00000-0  00000-0 0  9992
2 33436   0.0422 111.5207 0002434 102.0259  19.7881  1.00270942 25655
CIEL-2                  
1 33453U 08063A   20357.50506663  .00000067  00000-0  00000-0 0  9996
2 33453   0.0285 265.4884 0003039   1.5945 237.3981  1.00273323 44069
NSS-9                   
1 33749U 09008A   20357.47118198  .00000081  00000-0  00000-0 0  9998
2 33749   0.0268 316.6687 0002192 309.5264 177.9794  1.00272949 43458
SES-7 (PROTOSTAR 2)     
1 34941U 09027A   20358.07618685 -.00000334  00000-0  00000+0 0  9998
2 34941   0.0118  12.4093 0002366 242.0769 333.2761  1.00272439 42536
NSS-12                  
1 36032U 09058A   20357.51033410  .00000080  00000-0  00000-0 0  9998
2 36032   0.0234 320.2352 0002800 310.7921  61.2113  1.00272044 40834
SES-1                   
1 36516U 10016A   20357.60677542 -.00000105  00000-0  00000+0 0  9999
2 36516   0.0103 339.4856 0002438 289.7097 299.8557  1.00272031 39052
ASTRA 3B                
1 36581U 10021A   20357.77268723  .00000147  00000-0  00000+0 0  9997
2 36581   0.0302 354.8961 0002568 281.7961 116.7449  1.00269198 38572
SES-3                   
1 37748U 11035A   20358.16590931 -.00000090  00000-0  00000+0 0  9990
2 37748   0.0294 319.8495 0002596 321.3092 127.7230  1.00270276 34629
ASTRA 1N                
1 37775U 11041A   20357.34113021  .00000128  00000-0  00000-0 0  9999
2 37775   0.0481  40.1417 0002135 299.3847 253.8183  1.00271424 24449
SES-2                   
1 37809U 11049A   20357.36501294 -.00000187  00000-0  00000-0 0  9996
2 37809   0.0264 309.2747 0002863 316.8095 229.6939  1.00272504 33887
QUETZSAT 1              
1 37826U 11054A   20357.53732421 -.00000232  00000-0  00000+0 0  9998
2 37826   0.0175  31.8051 0002699 237.9382 298.2356  1.00271034 34010
SES-4                   
1 38087U 12007A   20357.44563598 -.00000159  00000-0  00000-0 0  9993
2 38087   0.0095 359.9590 0002654 282.2895 307.6354  1.00272223 32164
SES-5                   
1 38652U 12036A   20357.43452174  .00000043  00000-0  00000-0 0  9990
2 38652   0.0399  76.4493 0001949 188.7455 347.6629  1.00272729 24419
ASTRA 2F                
1 38778U 12051A   20358.17525244  .00000161  00000-0  00000+0 0  9997
2 38778   0.0715 236.3909 0004450   7.7559 299.3058  1.00270090 30217
SES-6                   
1 39172U 13026A   20357.75995076 -.00000251  00000-0  00000+0 0  9997
2 39172   0.0320 311.8860 0002136 319.2830  53.6837  1.00272009 27635
O3B FM5                 
1 39188U 13031A   20357.34968154 -.00000022  00000-0  00000-0 0  9999
2 39188   0.0569  24.0356 0003008 234.5076 101.4228  5.00115824136834
O3B FM4                 
1 39189U 13031B   20357.41545838 -.00000022  00000-0  00000-0 0  9998
2 39189   0.0480 355.1983 0004133 303.0682  61.6916  5.00115842136859
O3B FM2                 
1 39190U 13031C   20357.26780742 -.00000022  00000-0  00000-0 0  9998
2 39190   0.0487 349.0005 0006697 328.0683  42.8788  5.00115597136912
O3B PFM                 
1 39191U 13031D   20357.92105260 -.00000021  00000-0  00000+0 0  9996
2 39191   0.0512  16.4808 0003265 252.6399  90.8419  5.00115576136946
ASTRA 2E                
1 39285U 13056A   20358.17525244  .00000162  00000-0  00000+0 0  9998
2 39285   0.0576  21.7440 0002440 244.0394 277.9760  1.00273962 26513
SES-8                   
1 39460U 13071A   20357.42801737 -.00000261  00000-0  00000-0 0  9993
2 39460   0.0479 260.0651 0000628  11.5709  68.8893  1.00273097 24369
ASTRA 5B                
1 39617U 14011B   20357.77434472  .00000165  00000-0  00000+0 0  9999
2 39617   0.0264 354.4690 0003425 280.2473 127.3249  1.00271930 24794
O3B FM3                 
1 40079U 14038A   20356.60284236 -.00000023  00000-0  00000-0 0  9999
2 40079   0.0496   3.8898 0002504 211.8942 144.1988  5.00115598112817
O3B FM7                 
1 40080U 14038B   20357.34889219 -.00000022  00000-0  00000-0 0  9994
2 40080   0.0523 359.8475 0004205 288.7455  71.3611  5.00115642117670
O3B FM6                 
1 40081U 14038C   20357.17512835 -.00000023  00000-0  00000-0 0  9994
2 40081   0.0486   3.1269 0002786 266.4532  90.3877  5.00115981117626
O3B FM8                 
1 40082U 14038D   20357.42880916 -.00000022  00000-0  00000-0 0  9990
2 40082   0.0470 359.7695 0002626 271.7364  88.4638  5.00115312117742
O3B FM10                
1 40348U 14083A   20357.25530871 -.00000022  00000-0  00000-0 0  9998
2 40348   0.0467  13.6609 0002631 255.9791  90.3296  5.00115691109695
O3B FM11                
1 40349U 14083B   20356.46892281 -.00000024  00000-0  00000-0 0  9999
2 40349   0.0514  13.0204 0003356 259.2271  87.7135  5.00115718109679
O3B FM12                
1 40350U 14083C   20356.73636740 -.00000023  00000-0  00000-0 0  9996
2 40350   0.0507  12.1159 0002792 260.9782  86.8735  5.00115633109695
O3B FM9                 
1 40351U 14083D   20357.32218704 -.00000022  00000-0  00000-0 0  9998
2 40351   0.0526  13.1571 0002710 256.1765  90.6352  5.00115229109873
ASTRA 2G                
1 40364U 14089A   20358.17525244  .00000161  00000-0  00000+0 0  9994
2 40364   0.0253 355.0131 0001447  25.9227 162.5427  1.00271854 21941
SES-9                   
1 41380U 16013A   20357.28713108 -.00000337  00000-0  00000-0 0  9998
2 41380   0.0294 289.6795 0000325 164.5186 208.7561  1.00271562 17359
SES-10                  
1 42432U 17017A   20357.75471660 -.00000263  00000-0  00000+0 0  9995
2 42432   0.0092   1.8825 0002650 271.3344  23.3436  1.00271839 13667
SES-15                  
1 42709U 17026A   20357.43082907  .00000069  00000-0  00000-0 0  9993
2 42709   0.0177  36.6066 0000462 213.4749 227.2845  1.00270925 14076
SES-11 (ECHOSTAR 105)   
1 42967U 17063A   20358.16508096 -.00000077  00000-0  00000+0 0  9992
2 42967   0.0190 358.9488 0002606 261.2793 146.4031  1.00268442 11737
SES-14                  
1 43175U 18012B   20357.97391145 -.00000268  00000-0  00000+0 0  9994
2 43175   0.0118 347.7945 0001102 274.9959 132.2856  1.00271772 10982
O3B FM15                
1 43231U 18024A   20357.38881547 -.00000022  00000-0  00000-0 0  9994
2 43231   0.0434  14.9060 0003005 252.9743  92.0851  5.00115430 50836
O3B FM16                
1 43232U 18024B   20357.24221887 -.00000022  00000-0  00000-0 0  9995
2 43232   0.0398  17.7554 0003036 250.4250  91.7846  5.00115439 50733
O3B FM14                
1 43233U 18024C   20357.28216334 -.00000022  00000-0  00000-0 0  9991
2 43233   0.0382  18.0872 0003141 252.7305  89.1461  5.00115874 50756
O3B FM13                
1 43234U 18024D   20357.29576720 -.00000022  00000-0  00000-0 0  9991
2 43234   0.0662  23.5380 0005407 225.0569 111.3472  5.00115715 50872
SES-12                  
1 43488U 18049A   20358.14559207 -.00000258  00000-0  00000+0 0  9995
2 43488   0.0262  53.7029 0002353 216.4529 329.4004  1.00272381  9349
O3B FM20                
1 44112U 19020A   20357.30836881 -.00000022  00000-0  00000-0 0  9993
2 44112   0.0464  12.9318 0003378 252.9073  94.1221  5.00115627 31371
O3B FM19                
1 44113U 19020B   20357.29577567 -.00000022  00000-0  00000-0 0  9995
2 44113   0.0784  33.3022 0003612 214.3326 112.3267  5.00115696 31223
O3B FM17                
1 44114U 19020C   20357.01568110 -.00000023  00000-0  00000-0 0  9991
2 44114   0.0346   7.0863 0003070 258.6799  94.1984  5.00115906 31308
O3B FM18                
1 44115U 19020D   20357.36234825 -.00000022  00000-0  00000-0 0  9992
2 44115   0.0467  13.3144 0002897 255.5139  91.1383  5.00115533 31446
