LEMUR-1                 
1 40044U 14033AL  20358.14689183  .00000240  00000-0  42498-4 0  9998
2 40044  97.6859 204.4132 0060327 110.3279 250.4427 14.74290244350127
LEMUR-2-JOEL            
1 40932U 15052C   20357.06358916  .00000947  00000-0  40386-4 0  9991
2 40932   6.0096  55.3525 0013098 100.3944 259.7661 14.78072712283219
LEMUR-2-CHRIS           
1 40933U 15052D   20357.06963554  .00000948  00000-0  40104-4 0  9991
2 40933   6.0073  51.9551 0013764 109.2233 250.9385 14.78215667283253
LEMUR-2-PETER           
1 40935U 15052F   20357.07245104  .00000921  00000-0  38349-4 0  9997
2 40935   6.0053  71.1169 0010021  61.6067 298.5071 14.77371620283049
LEMUR-2-XIAOQING        
1 41871U 16062C   20357.51132819  .00005057  00000-0  19679-3 0  9995
2 41871  51.6396  79.2423 0005896 163.1522 196.9654 15.27708132226958
LEMUR-2-SOKOLSKY        
1 41872U 16062D   20358.15464290  .00001758  00000-0  77184-4 0  9998
2 41872  51.6843  82.8986 0001920 282.5418  77.5348 15.27523044227024
LEMUR-2-ANUBHAVTHAKUR   
1 41873U 16062E   20357.48176379  .00000561  00000-0  36601-4 0  9992
2 41873  51.6857 104.1733 0007227 142.0784 218.0704 15.24078570226629
LEMUR-2-WINGO           
1 41874U 16062F   20357.67703947  .00003992  00000-0  16075-3 0  9994
2 41874  51.6512  84.8226 0012041  86.4862 273.7494 15.27112895226892
LEMUR-2-JOBANPUTRA      
1 41991U 17008AV  20357.43248511  .00002756  00000-0  11111-3 0  9993
2 41991  97.3358  59.4585 0007462  13.8762 346.2680 15.25645210213447
LEMUR-2-SPIRE-MINIONS   
1 41992U 17008AW  20357.35290756  .00003836  00000-0  14688-3 0  9995
2 41992  97.3398  61.3464 0006881   9.5678 350.5691 15.27128378213546
LEMUR-2-SATCHMO         
1 41993U 17008AX  20357.73428948  .00003065  00000-0  12230-3 0  9999
2 41993  97.3361  60.1253 0007337  12.0215 348.1197 15.25897088213513
LEMUR-2-SMITA-SHARAD    
1 41994U 17008AY  20357.45903144  .00003928  00000-0  15052-3 0  9998
2 41994  97.3394  61.2963 0006901   7.5365 352.5977 15.27089044213557
LEMUR-2-RDEATON         
1 41995U 17008AZ  20357.42540252  .00002369  00000-0  95260-4 0  9991
2 41995  97.3369  59.9710 0008790  23.7185 336.4457 15.25858587214157
LEMUR-2-TACHIKOMA       
1 41996U 17008BA  20357.70294234  .00003534  00000-0  13640-3 0  9995
2 41996  97.3429  61.7152 0008215  21.2849 338.8730 15.26910566213480
LEMUR-2-NOGUECORREIG    
1 41997U 17008BB  20357.21391496  .00003614  00000-0  13820-3 0  9999
2 41997  97.3409  61.5249 0008297  21.1124 339.0456 15.27197494213520
LEMUR-2-MIA-GRACE       
1 41998U 17008BC  20357.77198600  .00002764  00000-0  11104-3 0  9991
2 41998  97.3366  60.0854 0008675  23.7867 336.3771 15.25747290213434
LEMUR-2-ANGELA          
1 42752U 17019B   20358.18286948  .00005195  00000-0  17451-3 0  9993
2 42752  51.6396 343.9444 0008633 267.1006  92.8987 15.32503787198029
LEMUR-2-JENNYBARNA      
1 42753U 17019C   20358.17083095  .00007749  00000-0  23839-3 0  9995
2 42753  51.6382 335.0560 0007724 274.8836  85.1264 15.34603276198098
LEMUR-2-ROBMOORE        
1 42754U 17019D   20358.13278771  .00004278  00000-0  14626-3 0  9997
2 42754  51.6393 345.0744 0008512 269.3273  90.6734 15.32395475197983
LEMUR-2-SPIROVISION     
1 42755U 17019E   20358.12212009  .00004297  00000-0  13753-3 0  9990
2 42755  51.6408 335.1799 0007638 276.7031 179.5162 15.34537589198005
LEMUR-2-SHAINAJOHL      
1 42771U 17036G   20357.41224392  .00003029  00000-0  12865-3 0  9991
2 42771  97.2791  45.2663 0015638  77.6948 282.6039 15.23701423194347
LEMUR-2-XUENITERENCE    
1 42772U 17036H   20357.76290346  .00003054  00000-0  12898-3 0  9996
2 42772  97.2768  45.6351 0015127  75.4570 284.8344 15.23903090194415
LEMUR-2-LUCYBRYCE       
1 42773U 17036J   20357.42456812  .00001789  00000-0  77716-4 0  9996
2 42773  97.2831  45.9700 0015160  76.0482 284.2440 15.23473131194378
LEMUR-2-KUNGFOO         
1 42774U 17036K   20357.42297842  .00002991  00000-0  12647-3 0  9990
2 42774  97.2791  45.5546 0015052  76.4914 283.7999 15.23872128194352
LEMUR-2-LYNSEY-SYMO     
1 42779U 17036Q   20357.44713013  .00003256  00000-0  13124-3 0  9996
2 42779  97.2836  48.0667 0012901  79.6186 280.6506 15.25454301194491
LEMUR-2-LISASAURUS      
1 42780U 17036R   20358.15003774  .00001954  00000-0  83388-4 0  9996
2 42780  97.2819  47.4465 0013236  80.1441 280.1290 15.23990346194538
LEMUR-2-SAM-AMELIA      
1 42781U 17036S   20358.14009203  .00001946  00000-0  82405-4 0  9999
2 42781  97.2837  48.0746 0013286  79.5354 280.7381 15.24268341194551
LEMUR-2-MCPEAKE         
1 42782U 17036T   20357.68545925  .00003436  00000-0  14095-3 0  9999
2 42782  97.2810  47.6637 0012897  80.1066 280.1628 15.24824034194490
LEMUR-2-GREENBERG       
1 42837U 17042N   20357.70167610  .00000483  00000-0  52420-4 0  9995
2 42837  97.4987 232.2403 0013603  17.4113 342.7570 14.92318686187457
LEMUR-2-ANDIS           
1 42838U 17042P   20357.63058980  .00000552  00000-0  59145-4 0  9995
2 42838  97.4984 232.1694 0013635  17.2696 342.8985 14.92304442187440
LEMUR-2-MONSON          
1 42839U 17042Q   20357.37970593  .00000461  00000-0  50496-4 0  9999
2 42839  97.4991 231.7944 0013345  18.3226 341.8471 14.92120050187395
LEMUR-2-FURIAUS         
1 42840U 17042R   20358.14405087  .00000672  00000-0  71064-4 0  9996
2 42840  97.5002 232.7547 0013585  15.5086 344.6547 14.92217100187512
LEMUR-2-PETERG          
1 42841U 17042S   20357.62341723  .00000808  00000-0  83704-4 0  9990
2 42841  97.5021 232.7910 0013073  14.0995 346.0588 14.92573105187479
LEMUR-2-DEMBITZ         
1 42842U 17042T   20357.21364754  .00000892  00000-0  91854-4 0  9993
2 42842  97.5010 232.3488 0013180  16.3580 343.8062 14.92553484187412
LEMUR-2-ZACHARY         
1 42845U 17042W   20357.41959730  .00000882  00000-0  90196-4 0  9999
2 42845  97.4932 232.0689 0013465  18.2463 341.9237 14.92841363187468
LEMUR-2-ARTFISCHER      
1 42881U 17042BJ  20358.14687452  .00009128  00000-0  20918-3 0  9995
2 42881  96.8641 214.6226 0010986   8.1008 352.0416 15.42898554193121
LEMUR-2-ROCKETJONAH     
1 43041U 17071E   20357.27897052  .00016751  00000-0  28472-3 0  9991
2 43041  51.6334 203.0839 0000893 188.3403 171.7572 15.51562816173975
LEMUR-2-YONGLIN         
1 43045U 17071J   20357.28437960  .00018995  00000-0  30713-3 0  9997
2 43045  51.6353 197.9982 0001697  33.9887 326.1211 15.52866481171772
LEMUR-2-KEVIN           
1 43046U 17071K   20357.78438284  .00015858  00000-0  28342-3 0  9993
2 43046  51.6356 204.3096 0002404  36.4285 323.6867 15.50184901171735
LEMUR-2-BRIANDAVIE      
1 43047U 17071L   20357.29774745  .00016114  00000-0  27987-3 0  9995
2 43047  51.6338 206.1613 0002457  88.7730 271.3541 15.50984776171651
LEMUR-2-ROMACOSTE       
1 43048U 17071M   20357.77164891  .00017985  00000-0  30415-3 0  9991
2 43048  51.6344 200.4453 0002386  90.0884 270.0379 15.51648702171770
LEMUR-2-MCCULLAGH       
1 43051U 17071Q   20358.03582485  .00017407  00000-0  29492-3 0  9990
2 43051  51.6379 199.2922 0001608 179.5408 180.5583 15.51623364171767
LEMUR-2-DUNLOP          
1 43053U 17071S   20357.98434970  .00016971  00000-0  30292-3 0  9995
2 43053  51.6336 205.4435 0001708 166.8775 193.2258 15.50167209171689
LEMUR-2-LIU-POU-CHUN    
1 43054U 17071T   20357.17209910  .00015847  00000-0  27764-3 0  9992
2 43054  51.6346 205.3902 0000725 159.3847 200.7171 15.50751686171613
LEMUR-2-MCCAFFERTY      
1 43123U 18004N   20357.45463552  .00004266  00000-0  16745-3 0  9991
2 43123  97.4321  68.6272 0010886 105.7984 254.4455 15.26215142163760
LEMUR-2-PETERWEBSTER    
1 43124U 18004P   20357.71903868  .00004057  00000-0  15974-3 0  9991
2 43124  97.4321  68.7581 0010886 104.3793 255.8654 15.26144917163798
LEMUR-2-BROWNCOW        
1 43125U 18004Q   20358.18207187  .00005017  00000-0  19309-3 0  9998
2 43125  97.4344  69.7093 0010577 103.6185 256.6233 15.26786034163892
LEMUR-2-DAVEWILSON      
1 43126U 18004R   20357.46122798  .00004794  00000-0  18558-3 0  9999
2 43126  97.4335  68.8378 0010719 105.9086 254.3334 15.26619234163773
LEMUR-2-MARSHALL        
1 43165U 18010C   20357.74632764  .00003321  00000-0  14383-3 0  9996
2 43165  82.9170 218.4365 0031888  90.0006 270.4885 15.21549084161999
LEMUR-2-TALLHAMN-ATC    
1 43167U 18010E   20357.72325605  .00003080  00000-0  14382-3 0  9990
2 43167  82.9202 222.0217 0025512 105.6280 254.7774 15.19128712161774
LEMUR-2-JIN-LUEN        
1 43182U 18014C   20357.69996461  .00001308  00000-0  11901-3 0  9996
2 43182  97.6785 260.8686 0013072 324.3022  35.7325 14.96850993157818
LEMUR-2-URAMCHANSOL     
1 43183U 18014D   20357.73080573  .00000886  00000-0  82109-4 0  9999
2 43183  97.6780 260.9927 0013365 322.5677  37.4613 14.96923867157825
LEMUR-2-KADI            
1 43184U 18014E   20357.32116884  .00000400  00000-0  39917-4 0  9991
2 43184  97.6782 260.6157 0013290 325.5011  34.5347 14.96885833157767
LEMUR-2-THENICKMOLO     
1 43185U 18014F   20357.98380396  .00000454  00000-0  44503-4 0  9991
2 43185  97.6795 261.3241 0013129 324.0465  35.9873 14.96923099157869
LEMUR-2-VU              
1 43558U 18046E   20357.78042115  .00007483  00000-0  24738-3 0  9998
2 43558  51.6406 274.9338 0006387 251.4808 108.5480 15.32347332136275
LEMUR-2-ALEXANDER       
1 43559U 18046F   20357.20455156  .00007947  00000-0  26059-3 0  9992
2 43559  51.6398 277.1070 0006332 248.5395 111.4911 15.32518920135973
LEMUR-2-YUASA           
1 43560U 18046G   20357.22052146  .00006432  00000-0  21476-3 0  9994
2 43560  51.6401 277.9405 0006395 264.2763  95.7489 15.32282101136180
LEMUR-2-TOMHENDERSON    
1 43561U 18046H   20357.19977974  .00006620  00000-0  22280-3 0  9999
2 43561  51.6407 278.5428 0006728 263.4897  96.5319 15.31971710135739
LEMUR-2-ZUPANSKI        
1 43695U 18088F   20358.11284311  .00003434  00000-0  14866-3 0  9993
2 43695  85.0310 312.7548 0016238 340.7622  19.3004 15.21915016117434
LEMUR-2-CHANUSIAK       
1 43697U 18088H   20357.79091881  .00003519  00000-0  14898-3 0  9995
2 43697  85.0373 313.0091 0014119 322.0082  38.0163 15.22713186117485
LEMUR-2-ORZULAK         
1 43731U 18096N   20358.20441868  .00005964  00000-0  20716-3 0  9996
2 43731  97.4089  72.3840 0019853 173.1620 186.9896 15.29949438115296
LEMUR-2-KOBYSZCZE       
1 43732U 18096P   20357.48040670  .00005612  00000-0  19426-3 0  9998
2 43732  97.4096  71.8688 0019879 175.6643 184.4773 15.30093645115197
LEMUR-2-DULY            
1 43745U 18096AC  20358.19721646  .00005499  00000-0  19001-3 0  9992
2 43745  97.4090  72.5402 0019855 172.4748 187.6794 15.30160836115311
LEMUR-2-VLADIMIR        
1 43746U 18096AD  20357.49843444  .00005920  00000-0  20360-3 0  9995
2 43746  97.4089  71.9370 0019811 175.2476 184.8956 15.30278071115239
LEMUR-2-CHRISTINAHOLT   
1 43882U 18111G   20357.45693120  .00000407  00000-0  40275-4 0  9997
2 43882  97.6981 262.6454 0011529 341.4887  18.5914 14.97125815108638
LEMUR-2-TINYKEV         
1 43883U 18111H   20357.29403506  .00001673  00000-0  14940-3 0  9992
2 43883  97.6981 262.5644 0011132 344.7040  15.3844 14.97228378108619
LEMUR-2-REMY-COLTON     
1 43884U 18111J   20358.20393881  .00000671  00000-0  62740-4 0  9998
2 43884  97.6985 263.5881 0011655 338.9025  21.1746 14.97371254106768
LEMUR-2-GUSTAVO         
1 43885U 18111K   20357.74403081  .00001069  00000-0  97324-4 0  9999
2 43885  97.6983 263.1042 0010894 338.3009  21.7750 14.97227982106682
LEMUR-2-ZO              
1 43886U 18111L   20357.30161691  .00001659  00000-0  14790-3 0  9990
2 43886  97.7001 262.8085 0010750 342.0190  18.0650 14.97324830108626
LEMUR-2-NATALIEMURRAY   
1 43887U 18111M   20357.44560078  .00000832  00000-0  76400-4 0  9997
2 43887  97.7005 263.0884 0011097 339.7504  20.3277 14.97447901108657
LEMUR-2-SARAHBETTYBOO   
1 43888U 18111N   20357.48726570  .00001330  00000-0  11908-3 0  9998
2 43888  97.7002 263.2573 0010671 336.7866  23.2873 14.97480227108660
LEMUR-2-DAISY-HARPER    
1 43889U 18111P   20357.71807807  .00000493  00000-0  47154-4 0  9990
2 43889  97.7014 263.5705 0011088 336.8534  23.2187 14.97578872108695
LEMUR-2-JOHANLORAN      
1 44084U 19018G   20357.69886301  .00005246  00000-0  21724-3 0  9993
2 44084  97.3887  55.9884 0011919 221.3890 138.6446 15.24292274 96060
LEMUR-2-BEAUDACIOUS     
1 44085U 19018H   20357.41854772  .00003514  00000-0  14854-3 0  9993
2 44085  97.3884  55.5957 0011908 223.6529 136.3767 15.23831933 96024
LEMUR-2-ELHAM           
1 44086U 19018J   20358.15216867  .00004966  00000-0  20442-3 0  9995
2 44086  97.3897  56.6508 0012049 220.4337 139.6006 15.24519359 96143
LEMUR-2-VICTOR-ANDREW   
1 44087U 19018K   20357.28338981  .00005196  00000-0  21350-3 0  9996
2 44087  97.3897  55.8332 0011808 224.1970 135.8325 15.24565794 96029
LEMUR-2-LILLYJO         
1 44396U 19038L   20357.58325071  .00001688  00000-0  97816-4 0  9993
2 44396  97.5567 316.7863 0023568 194.6416 165.4136 15.13367064 81029
LEMUR-2-WANLI           
1 44402U 19038S   20357.60649848  .00001937  00000-0  11185-3 0  9996
2 44402  97.5559 316.8012 0023756 194.6481 165.4063 15.13312215 81034
LEMUR-2-MORAG           
1 44403U 19038T   20357.58794350  .00002010  00000-0  11549-3 0  9990
2 44403  97.5609 317.0482 0022195 198.3563 161.6869 15.13464167 81039
LEMUR-2-DUSTINTHEWIND   
1 44405U 19038V   20358.16909040  .00002040  00000-0  11768-3 0  9997
2 44405  97.5570 317.3617 0023688 192.0621 168.0046 15.13276499 81122
LEMUR-2-ALEX-MADDY      
1 44407U 19038X   20357.79186180  .00001733  00000-0  10175-3 0  9998
2 44407  97.5626 317.1025 0022616 198.4510 161.5903 15.12864151 81042
LEMUR-2-EJATTA          
1 44409U 19038Z   20357.44950063  .00002824  00000-0  15975-3 0  9996
2 44409  97.5565 316.7541 0023496 193.5476 166.5127 15.13663756 81028
LEMUR-2-GREGROBINSON    
1 44411U 19038AB  20357.48067790  .00002692  00000-0  15373-3 0  9994
2 44411  97.5625 316.9483 0022535 199.2195 160.8188 15.13384297 80684
LEMUR-2-YNDRD           
1 44413U 19038AD  20358.11197149  .00001648  00000-0  96972-4 0  9994
2 44413  97.5618 317.3937 0022520 197.0117 163.0361 15.12862539 81106
LEMUR-2-JPGSQUARED      
1 44855U 19089D   20358.22201737  .00000972  00000-0  84544-4 0  9992
2 44855  36.9677  63.1515 0004382 141.2067 218.8996 14.99269451 56694
LEMUR-2-HIMOMANDDAD     
1 44860U 19089J   20358.19630231  .00001416  00000-0  12076-3 0  9993
2 44860  36.9663  63.8640 0004958 134.0851 226.0328 14.99096887 56681
LEMUR-2-PAPPY           
1 44861U 19089K   20358.25057444  .00001476  00000-0  12543-3 0  9995
2 44861  36.9681  63.3697 0004991 140.6583 219.4535 14.99150323 56638
LEMUR-2-THEODOSIA       
1 44863U 19089M   20357.57022864  .00001239  00000-0  10629-3 0  9999
2 44863  36.9671  67.1885 0004960 138.4338 221.6783 14.99177937 56448
LEMUR-2-ETHANOAKES      
1 46298U 20061AC  20357.69298001  .00003288  00000-0  20080-3 0  9994
2 46298  97.5091  68.8120 0000369  97.9576 262.1696 15.10977842 16607
LEMUR-2-OSCARLATOR      
1 46299U 20061AD  20358.15631757  .00003266  00000-0  19956-3 0  9992
2 46299  97.5093  69.2710 0000465 106.1155 254.0126 15.10970691 16707
LEMUR-2-SCHMIDTFALL     
1 46315U 20061AV  20357.73295484  .00002957  00000-0  17918-3 0  9999
2 46315  97.5096  68.9178 0001571 194.7933 165.3251 15.11344040 16683
LEMUR-2-DJUPROERA       
1 46316U 20061AW  20357.73102577  .00003046  00000-0  18427-3 0  9996
2 46316  97.5092  68.9150 0001697 199.0944 161.0223 15.11379932 16689
LEMUR-2-SQUAREJAWS      
1 46317U 20061AX  20357.73079701  .00002908  00000-0  17610-3 0  9998
2 46317  97.5094  68.9169 0001669 196.2465 163.8712 15.11377093 16698
LEMUR-2-URSA-AVION      
1 46318U 20061AY  20357.46384963  .00002928  00000-0  17723-3 0  9995
2 46318  97.5093  68.6592 0001852 194.3733 165.7444 15.11391133 16656
LEMUR-2-SLICERS         
1 46500U 20068Q   20357.53678786  .00001660  00000-0  12956-3 0  9997
2 46500  97.6797 290.1298 0012948 339.1291  20.9392 15.02471532 12698
LEMUR-2-DAYWZAGOODDAY   
1 46501U 20068R   20357.54042192  .00001230  00000-0  97451-4 0  9992
2 46501  97.6798 290.1255 0012538 340.4588  19.6162 15.02370393 12684
LEMUR-2-SUSURRUS        
1 46502U 20068S   20357.54447683  .00001899  00000-0  14806-3 0  9990
2 46502  97.6796 290.1152 0011711 342.7585  17.3254 15.02347595 12699
LEMUR-2-NICHOL          
1 46503U 20068T   20357.54904188  .00001356  00000-0  10741-3 0  9991
2 46503  97.6784 290.1050 0011408 343.4572  16.6305 15.02214839 12694
LEMUR-2-OZARAK          
1 46908U 20081D   20357.94239568  .00000262  00000-0  27575-4 0  9991
2 46908  36.9045 190.5212 0008862 334.9876  25.0415 14.98888286  6836
LEMUR-2-JINDRA          
1 46909U 20081E   20357.87392447  .00000148  00000-0  18352-4 0  9996
2 46909  36.9063 190.9009 0008970 336.6785  23.3548 14.98956929  6831
LEMUR-2-WALLACE         
1 46910U 20081F   20357.87275791  .00000239  00000-0  25668-4 0  9999
2 46910  36.9070 190.8905 0009031 337.7497  22.2849 14.98991379  6825
LEMUR-2-JEREMIAH        
1 46911U 20081G   20357.87151035  .00000340  00000-0  33838-4 0  9995
2 46911  36.9072 190.8814 0009019 339.3918  20.6458 14.99040296  6832
LEMUR-2-BAXTER-OLIVER   
1 46925U 98067RV  20357.58065938  .00027795  00000-0  45901-3 0  9999
2 46925  51.6421 135.6542 0001949 189.8984 170.1968 15.52031369  7333
LEMUR-2-DJARA           
1 46926U 98067RW  20357.39016055  .00029230  00000-0  48347-3 0  9998
2 46926  51.6421 136.6310 0001373 163.8534 196.2500 15.51959717  7338
