ISS (ZARYA)             
1 25544U 98067A   20336.88693861  .00004720  00000-0  93347-4 0  9996
2 25544  51.6470 238.6835 0001915 101.4338  18.8734 15.49130315258015
KESTREL EYE IIM (KE2M)  
1 42982U 98067NE  20336.76842453  .00044456  00000-0  27795-3 0  9994
2 42982  51.6334 144.0014 0001769  35.1882 324.9235 15.76380881177407
DELLINGR (RBLE)         
1 43021U 98067NJ  20336.86016458  .00054065  00000-0  31564-3 0  9994
2 43021  51.6306 140.9354 0001509 276.9095  83.1734 15.77845709173226
UBAKUSAT                
1 43467U 98067NQ  20336.68304826  .00294813  46408-4  64652-3 0  9994
2 43467  51.6273 132.6632 0004567 287.2830  72.7679 15.97622052146586
TEMPEST-D               
1 43547U 98067NV  20336.87450689  .00055836  00000-0  50395-3 0  9996
2 43547  51.6330 184.7060 0003393 306.8384  53.2301 15.67578199135729
RAINCUBE                
1 43548U 98067NW  20336.80588705  .00274375  41864-4  58348-3 0  9995
2 43548  51.6244 140.9308 0005274 285.0489  74.9937 15.98180339136744
HALOSAT                 
1 43549U 98067NX  20336.87543490  .00152557  19905-4  44346-3 0  9996
2 43549  51.6304 143.8523 0003507 297.9665  62.0986 15.92604894136279
EQUISAT                 
1 43552U 98067PA  20336.85955630  .00287209  44312-4  65110-3 0  9996
2 43552  51.6241 139.9243 0004143 298.1482  61.9108 15.97032075136696
RADSAT-G                
1 43553U 98067PB  20336.69955446  .00068643  00000-0  37893-3 0  9992
2 43553  51.6346 159.6340 0002035 345.5127  14.5815 15.78997233136471
AEROCUBE 12A            
1 43556U 18046C   20336.83716497  .00004609  00000-0  16590-3 0  9994
2 43556  51.6416  20.9738 0007959 170.7891 189.3237 15.30514819133007
AEROCUBE 12B            
1 43557U 18046D   20336.41024402  .00005173  00000-0  18690-3 0  9997
2 43557  51.6424  24.1044 0008168 170.0393 190.0751 15.30121387132874
LEMUR-2-VU              
1 43558U 18046E   20336.84413631  .00008440  00000-0  27962-3 0  9993
2 43558  51.6423  15.9021 0007108 176.0103 184.0936 15.32096895133062
LEMUR-2-ALEXANDER       
1 43559U 18046F   20336.53146078  .00009259  00000-0  30408-3 0  9996
2 43559  51.6412  16.8321 0007145 174.7962 185.3095 15.32256570132802
LEMUR-2-YUASA           
1 43560U 18046G   20336.47905784  .00008323  00000-0  27651-3 0  9995
2 43560  51.6410  17.9600 0007277 187.7015 172.3855 15.32024957133008
LEMUR-2-TOMHENDERSON    
1 43561U 18046H   20336.84569694  .00007924  00000-0  26613-3 0  9996
2 43561  51.6425  16.6487 0007409 188.5268 171.5589 15.31745643132612
SIRIUSSAT-1             
1 43595U 98067PG  20335.69662336  .00438497  10226-3  56251-3 0  9991
2 43595  51.6120 146.1626 0010162 227.2207 137.8819 16.06556672131355
SIRIUSSAT-2             
1 43596U 98067PH  20335.71510880  .00445246  10503-3  57179-3 0  9999
2 43596  51.6244 146.9320 0014401 350.2156  72.2160 16.06421442131348
1998-067PN              
1 43638U 98067PN  20336.70971693  .00032505  00000-0  27694-3 0  9996
2 43638  51.6325 182.8163 0001021 255.6197 104.4686 15.69244461122899
1998-067PP              
1 43639U 98067PP  20336.66897108  .00087219  00000-0  46116-3 0  9992
2 43639  51.6288 165.9416 0002450 267.4349  92.6372 15.79853188123117
STARS-ME                
1 43640U 98067PQ  20336.83118124  .00043924  00000-0  32773-3 0  9996
2 43640  51.6315 176.0437 0002506 279.9678  80.1037 15.72280516122998
ISS DEB (SEDA-AP)       
1 43870U 98067PU  20336.91195408  .00010334  00000-0  13417-3 0  9993
2 43870  51.6352 206.0291 0003159 316.6065  43.4678 15.59456370110774
CATSAT-2                
1 44029U 98067PV  20336.87388671  .00062469  00000-0  41886-3 0  9998
2 44029  51.6356 183.2689 0000391   5.5725 354.5279 15.74632950104801
DELPHINI                
1 44030U 98067PW  20336.85777141  .00092150  00000-0  54548-3 0  9991
2 44030  51.6301 179.9352 0000797 222.9864 137.1074 15.77321148104817
UNITE                   
1 44031U 98067PX  20336.88414012  .00031373  00000-0  30612-3 0  9996
2 44031  51.6355 196.0741 0001021   0.9700 359.1298 15.65913068104609
CATSAT-1                
1 44033U 98067PZ  20336.87351343  .00054164  00000-0  36383-3 0  9998
2 44033  51.6355 183.2767 0000667  10.4886 349.6127 15.74649843104717
ISS DEB                 
1 44303U 98067QA  20336.88163305  .00012286  00000-0  17901-3 0  9992
2 44303  51.6397 223.2070 0004812 220.8384 139.2247 15.56129154 85814
ISS DEB                 
1 44304U 98067QB  20336.88167569  .00089899  00000-0  65570-3 0  9998
2 44304  51.6334 201.3856 0005791 200.4367 159.6401 15.72503582 86118
ISS DEB                 
1 44305U 98067QC  20336.88378838  .00165526  00000-0  79084-3 0  9999
2 44305  51.6262 192.1329 0005013 218.7785 141.2858 15.81766930 86238
ISS DEB                 
1 44306U 98067QD  20336.95538595  .00013806  00000-0  19874-3 0  9990
2 44306  51.6382 222.8731 0006043 219.0951 140.9604 15.56332704 85833
RAAVANA-1               
1 44329U 98067QE  20336.93168979  .00035974  00000-0  39461-3 0  9992
2 44329  51.6368 212.2339 0004282 250.1206 109.9327 15.62865299 83147
UGUISU                  
1 44330U 98067QF  20336.38021457  .00033189  00000-0  36739-3 0  9993
2 44330  51.6348 215.2562 0004237 247.8143 112.2402 15.62671285 83030
NEPALISAT-1             
1 44331U 98067QG  20336.09146828  .00035489  00000-0  39036-3 0  9990
2 44331  51.6346 216.3300 0004161 249.8645 110.1902 15.62801944 83002
SPOOQY-1                
1 44332U 98067QH  20336.94121487  .00034142  00000-0  37839-3 0  9993
2 44332  51.6352 212.2685 0003349 253.1624 106.9003 15.62629944 83095
RED-EYE 1 (PINOT)       
1 44364U 98067QJ  20336.95783538  .00012573  00000-0  18364-3 0  9996
2 44364  51.6398 223.6981 0006277 219.7835 140.2697 15.56031062 81404
IOD-1 GEMS              
1 44385U 98067QK  20336.90676684  .00078898  00000-0  65215-3 0  9996
2 44385  51.6356 206.1018 0003913 195.8271 164.2604 15.69581653 80694
SWIATOWID               
1 44426U 98067QL  20336.83389611  .00106727  00000-0  78148-3 0  9997
2 44426  51.6375 203.9377 0004567 190.3259 227.4451 15.72346920 80722
KRAKSAT                 
1 44427U 98067QM  20336.83227176  .00027049  00000-0  34051-3 0  9999
2 44427  51.6417 219.0299 0003371 193.6807 211.7453 15.59432215 80566
VCC A                   
1 44428U 98067QN  20336.93889215  .00034401  00000-0  39136-3 0  9998
2 44428  51.6377 214.5852 0002629 202.5467 157.5412 15.61952817 80632
ENTRYSAT                
1 44429U 98067QP  20336.94901124  .00043060  00000-0  44762-3 0  9996
2 44429  51.6346 211.5944 0002947 193.4525 166.6392 15.64157556 80676
VCC C                   
1 44430U 98067QQ  20336.92402685  .00062808  00000-0  57416-3 0  9995
2 44430  51.6346 208.4286 0002902 194.7293 165.3619 15.67216180 79543
VCC B                   
1 44431U 98067QR  20336.93100959  .00034812  00000-0  39393-3 0  9994
2 44431  51.6357 214.4929 0002749 204.0446 156.0420 15.62084631 80572
ISS DEB                 
1 44788U 98067QT  20336.87496632  .00063095  00000-0  66249-3 0  9993
2 44788  51.6376 221.6178 0003854 219.3216 140.7499 15.63736291 59508
ISS DEB                 
1 44789U 98067QU  20336.90604185  .00057443  00000-0  63476-3 0  9991
2 44789  51.6372 222.6005 0004448 232.3395 127.7196 15.62465300 59483
RWASAT-1                
1 44790U 98067QV  20336.15181223  .00010161  00000-0  15478-3 0  9998
2 44790  51.6425 232.9824 0005804 268.5658 241.8897 15.55132443 58540
AQT-D                   
1 44791U 98067QW  20336.87305752  .00016977  00000-0  25323-3 0  9994
2 44791  51.6415 229.9089 0005807 243.3421 116.6976 15.55173551 58655
NARSSCUBE-1             
1 44792U 98067QX  20336.08354329  .00027419  00000-0  37305-3 0  9998
2 44792  51.6389 231.3359 0003577 256.0627 103.9967 15.57351145 58562
STPSAT-4                
1 45043U 98067QY  20336.88342060  .00010874  00000-0  18826-3 0  9999
2 45043  51.6408 236.6636 0004620 261.1670  98.8797 15.51469619 47803
HARP                    
1 45256U 98067QZ  20336.85271628  .00020726  00000-0  32462-3 0  9992
2 45256  51.6416 234.2389 0006301 251.1536 108.8771 15.53673080 44504
1998-067RA              
1 45257U 98067RA  20336.86745559  .00016987  00000-0  27122-3 0  9994
2 45257  51.6404 234.3190 0006680 255.5096 104.5154 15.53287455 44507
PHOENIX                 
1 45258U 98067RB  20336.90336146  .00012942  00000-0  21208-3 0  9994
2 45258  51.6404 234.5470 0005245 233.2845 126.7664 15.52819790 44472
1998-067RC              
1 45259U 98067RC  20336.91129369  .00023532  00000-0  35551-3 0  9996
2 45259  51.6399 233.1125 0005761 250.1434 109.8937 15.54587713 44523
CRYOCUBE                
1 45260U 98067RD  20336.88873179  .00024162  00000-0  36496-3 0  9998
2 45260  51.6400 232.9633 0006453 251.2917 108.7374 15.54571974 44532
AZTECHSAT-1             
1 45261U 98067RE  20336.87878376  .00028030  00000-0  40448-3 0  9992
2 45261  51.6392 232.1457 0006039 248.5797 111.4551 15.55735202 44539
RADSAT-U                
1 45262U 98067RF  20336.85364993  .00017734  00000-0  28127-3 0  9995
2 45262  51.6416 234.2428 0005322 294.4340  65.6094 15.53445766 44517
QARMAN                  
1 45263U 98067RG  20336.88164621  .00024398  00000-0  37085-3 0  9992
2 45263  51.6398 233.6619 0005847 245.9654 114.0725 15.54396175 44546
SORTIE                  
1 45264U 98067RH  20336.84658116  .00010986  00000-0  18587-3 0  9990
2 45264  51.6415 235.6849 0006610 262.5123  97.5116 15.52099806 44480
ICS-EF (ISS DEB)        
1 45265U 98067RJ  20336.87315351  .00007150  00000-0  12981-3 0  9996
2 45265  51.6412 237.3393 0004613 263.0853  96.9612 15.50728037 44148
PROGRESS-MS 14          
1 45595U 20026A   20336.55342440  .00004765  00000-0  94183-4 0  9990
2 45595  51.6479 240.3334 0001885  99.4059 319.7109 15.49127030257960
G-SAT                   
1 45597U 98067RK  20336.78261954  .00017569  00000-0  28306-3 0  9996
2 45597  51.6411 236.0080 0003655 325.9157  34.1598 15.53022654 33841
QUETZAL-1               
1 45598U 98067RL  20336.92957782  .00023839  00000-0  37781-3 0  9998
2 45598  51.6408 235.4866 0001800  14.5418 345.5624 15.53269394 33791
RED-EYE 2 (MERLOT)      
1 45800U 98067RM  20336.89720790  .00010146  00000-0  17901-3 0  9996
2 45800  51.6416 237.5107 0000367 317.5920  42.5041 15.51018546 26000
RED-EYE 3 (CABERNET)    
1 45809U 98067RN  20336.89769441  .00009984  00000-0  17630-3 0  9998
2 45809  51.6416 237.5142 0000499 270.1623  89.9309 15.51014902 24987
DEMI                    
1 45916U 98067RP  20336.89405828  .00022796  00000-0  36993-3 0  9992
2 45916  51.6413 236.7470 0002457 179.1284 180.9711 15.52638749 21983
TECHEDSAT 10            
1 45917U 98067RQ  20336.87571948  .00109664  00000-0  12610-2 0  9997
2 45917  51.6376 233.6189 0005290 187.7879 172.3033 15.61153347 21975
PROGRESS-MS 15          
1 45937U 20050A   20336.55342440  .00004765  00000-0  94183-4 0  9997
2 45937  51.6479 240.3334 0001885  99.4059 319.7109 15.49127030257960
CYGNUS NG-14            
1 46530U 20069A   20336.55342440  .00004765  00000-0  94183-4 0  9997
2 46530  51.6479 240.3334 0001885  99.4059 319.7109 15.49127030257960
SOYUZ-MS 17             
1 46613U 20072A   20336.55342440  .00004765  00000-0  94183-4 0  9993
2 46613  51.6479 240.3334 0001885  99.4059 319.7109 15.49127030257962
CREW DRAGON 1           
1 46920U 20084A   20336.55342440  .00004765  00000-0  94183-4 0  9997
2 46920  51.6479 240.3334 0001885  99.4059 319.7109 15.49127030257963
SPOC                    
1 46921U 98067RR  20336.84479814  .00013633  00000-0  24061-3 0  9993
2 46921  51.6429 238.6605 0003013  75.3072 284.8251 15.50682133  4167
BOBCAT-1                
1 46922U 98067RS  20336.84401463  .00019234  00000-0  33412-3 0  9992
2 46922  51.6428 238.6561 0002847  81.6723 278.4588 15.50840861  4127
NEUTRON-1               
1 46923U 98067RT  20336.91065506  .00012991  00000-0  23036-3 0  9999
2 46923  51.6428 238.3501 0003008  86.3313 273.8020 15.50594817  4202
DESCENT                 
1 46924U 98067RU  20336.71482801  .00026331  00000-0  45056-3 0  9998
2 46924  51.6426 239.2930 0003284 112.8958 247.2378 15.51061837  4149
LEMUR-2-BAXTER-OLIVER   
1 46925U 98067RV  20336.84295887  .00035356  00000-0  59611-3 0  9998
2 46925  51.6428 238.6490 0003265 114.8811 245.2518 15.51321642  4120
LEMUR-2-DJARA           
1 46926U 98067RW  20336.90813492  .00030787  00000-0  52348-3 0  9997
2 46926  51.6428 238.3339 0002802 103.7770 256.3531 15.51154456  4155
SAT-LLA                 
1 46927U 98067RX  20336.33179422  .00013264  00000-0  23563-3 0  9991
2 46927  51.6430 241.2333 0003209 100.5512 259.5839 15.50522820  4022
