SPACEBEE-4              
1 43139U 18004AE  20357.48040352  .00006370  00000-0  23636-3 0  9995
2 43139  97.4361  70.2085 0009612 106.5257 253.7039 15.27899586163850
SPACEBEE-3              
1 43140U 18004AF  20357.69139290  .00008719  00000-0  31048-3 0  9995
2 43140  97.4384  71.4472 0009174 103.8341 256.3920 15.29147577163943
SPACEBEE-2              
1 43141U 18004AG  20358.15131746  .00009187  00000-0  32269-3 0  9992
2 43141  97.4399  72.3022 0009071 101.5474 258.6785 15.29580496164035
SPACEBEE-1              
1 43142U 18004AH  20357.47992110  .00009598  00000-0  33192-3 0  9999
2 43142  97.4406  72.0215 0008961 103.1923 257.0317 15.30074267163949
SPACEBEE-7              
1 43816U 18099BL  20357.44299645  .00000279  00000-0  30022-4 0  9998
2 43816  97.6902  66.2153 0011988 270.6368  89.3480 14.95896348111595
SPACEBEE-5              
1 43817U 18099BM  20357.43966665  .00001456  00000-0  13218-3 0  9996
2 43817  97.6974  67.0083 0011682 269.4827  90.5056 14.96786570111626
SPACEBEE-6              
1 43818U 18099BN  20357.77973389  .00000618  00000-0  59960-4 0  9999
2 43818  97.6921  66.7917 0011990 268.7291  91.2556 14.96169155111807
SPACEBEE-9              
1 44370U 19037F   20358.12248120  .00027888  00000-0  52030-3 0  9992
2 44370  45.0034 138.0796 0013967 238.9786 120.9734 15.48246132 83787
SPACEBEE-8              
1 44371U 19037G   20357.49969517  .00081730  00000-0  10164-2 0  9999
2 44371  45.0033 125.8262 0012887 270.4981  89.4438 15.58968692 83870
SPACEBEE-21             
1 46300U 20061AE  20357.48568194  .00003834  00000-0  23246-3 0  9992
2 46300  97.5093  68.6300 0000630 121.4917 238.6374 15.11143791 16569
SPACEBEE-20             
1 46301U 20061AF  20357.74991386  .00004066  00000-0  24619-3 0  9998
2 46301  97.5096  68.8935 0000680 124.9249 235.2045 15.11158984 16603
SPACEBEE-15             
1 46302U 20061AG  20357.74826026  .00004325  00000-0  26131-3 0  9996
2 46302  97.5091  68.8910 0000800 118.9399 241.1911 15.11205668 16605
SPACEBEE-19             
1 46303U 20061AH  20357.74919078  .00004111  00000-0  24878-3 0  9996
2 46303  97.5094  68.8927 0000714 123.9323 236.1975 15.11176997 16600
SPACEBEE-18             
1 46304U 20061AJ  20357.74907162  .00004062  00000-0  24584-3 0  9997
2 46304  97.5093  68.8926 0000764 122.9846 237.1458 15.11174756 16601
SPACEBEE-10             
1 46305U 20061AK  20357.48075805  .00004794  00000-0  28851-3 0  9992
2 46305  97.5093  68.6361 0000752 121.9074 238.2229 15.11289774 16562
SPACEBEE-17             
1 46306U 20061AL  20357.74793499  .00004258  00000-0  25731-3 0  9997
2 46306  97.5094  68.8951 0000776 125.1644 234.9659 15.11206982 16645
SPACEBEE-11             
1 46307U 20061AM  20357.74624041  .00004777  00000-0  28772-3 0  9998
2 46307  97.5095  68.8963 0000777 124.2284 235.9020 15.11264873 16603
SPACEBEE-16             
1 46308U 20061AN  20357.21786251  .00004081  00000-0  24670-3 0  9994
2 46308  97.5096  68.3764 0000735 122.5154 237.6148 15.11211942 16520
SPACEBEE-12             
1 46309U 20061AP  20357.48168270  .00004335  00000-0  26155-3 0  9991
2 46309  97.5093  68.6358 0000773 122.4951 237.6353 15.11248915 16568
SPACEBEE-13             
1 46310U 20061AQ  20357.74700369  .00004556  00000-0  27481-3 0  9991
2 46310  97.5095  68.8964 0000784 123.6568 236.4737 15.11235364 16642
SPACEBEE-14             
1 46311U 20061AR  20357.74673242  .00004371  00000-0  26381-3 0  9994
2 46311  97.5096  68.8972 0000803 124.2854 235.8453 15.11236000 16635
SPACEBEE-34             
1 46933U 20085E   20357.55504932  .00006085  00000-0  27304-3 0  9998
2 46933  97.3713 131.5201 0016256 182.6281 177.4876 15.21439771  4934
SPACEBEE-35             
1 46934U 20085F   20357.88402886  .00005861  00000-0  26318-3 0  9995
2 46934  97.3710 131.8415 0016221 180.9619 179.1589 15.21430753  4986
SPACEBEE-36             
1 46935U 20085G   20357.88413163  .00005943  00000-0  26685-3 0  9994
2 46935  97.3704 131.8418 0016078 181.8980 178.2198 15.21426431  4988
SPACEBEE-37             
1 46936U 20085H   20357.88459948  .00005533  00000-0  24892-3 0  9999
2 46936  97.3713 131.8402 0015902 181.8099 178.3082 15.21393150  4982
SPACEBEE-38             
1 46937U 20085J   20357.62204266  .00005478  00000-0  24671-3 0  9996
2 46937  97.3705 131.5817 0016321 181.7265 178.3928 15.21358501  4947
SPACEBEENZ-3            
1 46938U 20085K   20358.14994945  .00003682  00000-0  16758-3 0  9997
2 46938  97.3713 132.0954 0016309 179.1585 180.9684 15.21211885  5028
SPACEBEENZ-4            
1 46939U 20085L   20357.88704472  .00003513  00000-0  16014-3 0  9990
2 46939  97.3712 131.8363 0016018 179.7716 180.3529 15.21194622  4983
SPACEBEENZ-5            
1 46941U 20085N   20357.49285454  .00003330  00000-0  15210-3 0  9998
2 46941  97.3710 131.4487 0016046 181.3029 178.8169 15.21163540  4925
SPACEBEENZ-6            
1 46942U 20085P   20357.88758451  .00003394  00000-0  15493-3 0  9997
2 46942  97.3707 131.8347 0015857 180.5424 179.5797 15.21165155  4985
SPACEBEE-33             
1 46944U 20085R   20357.89865099  .00004987  00000-0  22925-3 0  9994
2 46944  97.3704 131.8134 0015116 190.5584 169.5336 15.20713825  4984
SPACEBEE-32             
1 46945U 20085S   20357.89914487  .00005065  00000-0  23292-3 0  9997
2 46945  97.3708 131.8139 0015145 189.5750 170.5199 15.20692303  4985
SPACEBEE-30             
1 46946U 20085T   20357.63608730  .00005080  00000-0  23362-3 0  9996
2 46946  97.3696 131.5577 0015094 192.0809 168.0102 15.20688394  4949
SPACEBEE-31             
1 46947U 20085U   20357.63625585  .00005143  00000-0  23652-3 0  9996
2 46947  97.3693 131.5566 0015023 192.2803 167.8110 15.20680203  4940
SPACEBEE-28             
1 46948U 20085V   20357.63642598  .00005242  00000-0  24102-3 0  9991
2 46948  97.3725 131.5593 0015214 193.0053 167.0853 15.20678470  4944
SPACEBEE-29             
1 46949U 20085W   20358.16270040  .00005575  00000-0  25606-3 0  9999
2 46949  97.3708 132.0727 0014764 190.8438 169.2499 15.20691878  5029
SPACEBEE-27             
1 46950U 20085X   20357.90018926  .00005445  00000-0  25038-3 0  9990
2 46950  97.3704 131.8156 0015044 192.3105 167.7765 15.20659866  4984
SPACEBEE-25             
1 46951U 20085Y   20358.22925702  .00006163  00000-0  28276-3 0  9991
2 46951  97.3700 132.1372 0015229 192.2546 167.8325 15.20681428  5037
SPACEBEE-24             
1 46952U 20085Z   20357.63724685  .00005583  00000-0  25671-3 0  9994
2 46952  97.3696 131.5591 0015198 193.9124 166.1732 15.20651833  4943
SPACEBEE-22             
1 46953U 20085AA  20357.90027901  .00005963  00000-0  27374-3 0  9996
2 46953  97.3710 131.8184 0015367 192.8336 167.2510 15.20675675  4983
SPACEBEE-26             
1 46956U 20085AD  20357.90042080  .00005408  00000-0  24876-3 0  9992
2 46956  97.3705 131.8155 0015130 192.7480 167.3375 15.20649505  4900
SPACEBEENZ-2            
1 46957U 20085AE  20357.42593614  .00003634  00000-0  16535-3 0  9996
2 46957  97.3710 131.3879 0016360 182.0942 178.0233 15.21229582  4874
SPACEBEE-39             
1 46958U 20085AF  20357.88538207  .00005127  00000-0  23127-3 0  9998
2 46958  97.3705 131.8383 0015932 180.9611 179.1597 15.21338855  4282
SPACEBEENZ-1            
1 46959U 20085AG  20357.62301769  .00003855  00000-0  17508-3 0  9994
2 46959  97.3725 131.5836 0016386 181.2488 178.8714 15.21250426  4425
SPACEBEE-23             
1 46960U 20085AH  20357.90031635  .00005876  00000-0  26987-3 0  9995
2 46960  97.3712 131.8177 0015075 192.4506 167.6360 15.20669485  4109
