APRIZESAT 2             
1 28366U 04025A   20358.16950200 -.00000002  00000-0  12959-4 0  9990
2 28366  98.2413 241.4835 0108015 160.5583 199.9772 14.36722221864095
SAUDICOMSAT 1           
1 28369U 04025D   20358.10975324  .00000085  00000-0  32044-4 0  9998
2 28369  98.3652 307.9443 0034332  35.7478 324.6006 14.52588395873315
SAUDICOMSAT 2           
1 28370U 04025E   20357.42449377  .00000060  00000-0  28602-4 0  9996
2 28370  98.4578 304.7945 0057264 204.0510 155.8006 14.47516210870215
APRIZESAT 1             
1 28372U 04025G   20357.45071734  .00000035  00000-0  20837-4 0  9993
2 28372  98.4183 305.7330 0047290 125.4799 235.0821 14.49651735871571
NANOSAT-1               
1 28493U 04049B   20357.50139159  .00000131  00000-0  27971-4 0  9998
2 28493  98.1157  87.3234 0003768 209.7837 150.3157 14.73628396860045
SAUDICOMSAT 7           
1 31119U 07012C   20357.41206310  .00000121  00000-0  33278-4 0  9990
2 31119  98.1205 299.6724 0059834 350.0233   9.9776 14.61827179729514
SAUDICOMSAT 6           
1 31121U 07012E   20357.40556624  .00000113  00000-0  33446-4 0  9996
2 31121  98.1702 294.7094 0077842  79.9040 281.0930 14.58623455727922
SAUDICOMSAT 5           
1 31124U 07012H   20357.42773135  .00000112  00000-0  30761-4 0  9995
2 31124  98.0865 301.9627 0050502 302.2551  57.3763 14.63531936730302
SAUDICOMSAT 3           
1 31125U 07012J   20358.14641694  .00000130  00000-0  32836-4 0  9995
2 31125  98.0498 305.0009 0041930 251.7374 107.9264 14.65300164731308
SAUDICOMSAT 4           
1 31127U 07012L   20357.41343833  .00000130  00000-0  35851-4 0  9990
2 31127  98.1464 297.7020 0068747  32.6938 327.8490 14.60339983728767
APRIZESAT 4             
1 35684U 09041D   20357.48287717  .00000130  00000-0  25039-4 0  9998
2 35684  98.2946 341.9446 0045887 290.4001  69.2284 14.79322854614934
APRIZESAT 3             
1 35686U 09041F   20358.16273706  .00000186  00000-0  26272-4 0  9990
2 35686  98.1597  60.6789 0073476 152.3475 208.1678 14.87449800618180
AISSAT 1                
1 36797U 10035C   20358.03185663  .00000321  00000-0  43018-4 0  9997
2 36797  98.1948 152.3718 0012210 126.8226 233.4110 14.86404797566138
S-NET D                 
1 43186U 18014G   20357.69306846  .00001013  00000-0  93183-4 0  9998
2 43186  97.6867 262.3555 0009791 321.4551  38.5970 14.96930029157853
S-NET B                 
1 43187U 18014H   20357.69293220  .00001013  00000-0  93137-4 0  9999
2 43187  97.6864 262.3279 0009786 321.4327  38.6194 14.96929615157857
S-NET A                 
1 43188U 18014J   20358.02705958  .00001005  00000-0  92484-4 0  9999
2 43188  97.6867 262.6935 0009757 320.3278  39.7229 14.96929058157902
S-NET C                 
1 43189U 18014K   20358.02755444  .00001015  00000-0  93327-4 0  9993
2 43189  97.6864 262.6509 0009751 320.2407  39.8100 14.96929317156450
SALSAT                  
1 46495U 20068K   20357.54896787  .00000430  00000-0  36211-4 0  9999
2 46495  97.6796 290.2810 0015521 315.8129  44.1854 15.03306130 12752
